-0.826272
1.236763
-0.730334
1.441892
-1.091693
0.833202
0.564022
0.467606
0.565160
-0.571050
1.320849
2.146607
1.105005
0.036513
0.340690
0.713322
-1.344430
0.776295
2.166446
-2.398836
-0.863482
-0.168351
-0.850208
-0.426134
-1.004475
0.473638
0.794789
1.967001
0.535707
0.463297
-0.667041
0.478850
-2.310967
0.412666
1.135141
0.906576
-0.603943
0.669667
-0.307483
-1.547078
0.207346
-1.319339
-0.140195
0.440638
-1.250540
0.480374
0.132101
2.446286
1.394881
1.151427
-0.172256
0.136457
-2.924921
1.910421
-0.274349
0.189163
-0.492012
-1.051549
2.348174
-1.281278
0.832839
-0.798637
-0.591767
0.346151
0.050663
-1.651647
0.305870
-0.997914
-0.862319
1.410263
-0.033005
-0.547924
1.015578
-0.710425
1.922866
0.125557
-0.618973
1.061621
0.562712
0.189360
0.431675
-0.313209
0.245178
0.619404
0.453534
0.892215
0.419091
0.099935
0.170952
0.546303
-0.308784
0.402721
-0.342821
-0.307271
1.271192
-0.173327
-1.994097
1.009486
-0.566021
-1.967015
0.326099
-0.462872
-2.193647
1.025036
0.092216
-1.342679
0.499177
-1.004334
-0.442803
1.461410
1.242464
-1.514044
0.452697
0.722629
-1.865121
-0.712392
0.480862
0.169112
-1.456180
0.018675
0.730129
-1.961226
-1.718498
-0.916124
-0.300676
0.573637
0.507424
1.053165
0.957257
0.565056
-0.076840
-0.130488
-0.566918
1.919791
0.650898
-0.891748
0.933723
-0.017613
1.293700
0.110809
-1.290279
0.836571
1.274981
0.602423
0.406481
-0.658400
0.225476
-0.300675
0.312042
-1.029314
0.585888
0.234849
0.388516
2.079766
0.449309
-0.634508
-0.822527
1.672999
1.120297
-0.422042
-0.091460
-0.188831
-0.362129
-0.114275
0.268589
0.326296
-1.245541
0.073602
1.109918
-0.352206
1.338261
-0.474710
0.446806
-0.252745
-0.575344
0.308573
-1.201628
1.066406
-1.666829
-0.654722
-0.322182
0.281178
0.103649
-0.856397
-0.496771
0.629835
-0.875524
-0.890276
0.408464
0.236045
-0.845622
1.842004
-2.111000
-0.226104
-2.970044
-0.654602
0.355538
-0.183284
0.342873
-1.900405
0.788038
-1.005179
0.905435
0.297752
-1.363308
2.551647
2.410559
0.330287
0.344071
-1.039693
-1.661196
1.554140
0.772463
0.769665
2.140702
0.039869
0.518199
-1.136492
2.161501
-1.579230
0.156497
-0.971868
-0.433626
0.451368
-0.069173
-0.748151
-0.094280
1.198842
0.864341
-1.937298
-0.070991
0.989131
-1.112267
-1.172921
-0.958099
1.961513
-0.937125
0.702867
-0.725292
0.466797
0.218533
-1.763889
-0.329659
-1.037053
-0.531948
-1.053424
-1.685723
-0.068741
0.017921
-1.400161
-1.650100
0.348926
-0.175353
-0.445040
-0.686916
-1.131371
-0.108351
-1.893939
-1.242218
1.971495
0.181187
-0.901501
0.367312
-1.139769
-0.317317
1.556183
-0.035360
0.300884
-1.744371
0.444604
1.896231
0.721029
-0.436260
1.062826
-0.232749
0.605803
-0.179273
-0.902948
0.311455
0.873988
-0.264295
-0.307393
0.036046
1.560612
0.525655
-0.423476
0.223478
-0.673272
0.981073
-0.766392
0.382802
-0.516682
-0.781452
-0.406807
1.707886
-1.047529
0.899449
-0.813520
-1.960412
-1.489685
0.931657
1.988194
-1.310123
0.615592
-1.132938
1.392119
1.448104
0.100747
0.083144
-0.923142
-1.082847
-1.359942
-0.827582
-0.508505
0.218209
2.324131
0.966108
-0.066600
-0.522482
0.349352
2.154144
-1.032970
-2.101711
-2.098009
-0.045775
1.619359
-0.965871
0.573790
-0.509313
-0.741807
-0.359574
0.913051
-0.598412
-0.607594
-2.089974
0.422735
1.105088
-1.129968
-0.844180
-0.070712
0.281065
-1.378213
0.905358
-0.905849
-0.451352
-0.705484
-0.086497
0.381200
0.027347
1.172392
0.875632
1.329125
0.129944
-0.814819
-1.273014
-0.323311
0.772356
-0.328565
-2.091174
-0.237663
0.656169
0.052927
-0.830632
-0.681275
0.733214
-0.370966
0.469074
0.377416
0.619355
0.028453
0.791248
0.224643
-0.251049
1.019044
-0.460025
-0.366205
-0.273558
1.226217
1.896102
0.108352
-0.200718
1.289366
-1.339007
0.144956
0.576769
1.194301
0.818982
-0.967354
0.470018
-0.181858
-1.605666
-0.208459
-1.732062
-0.161420
0.061551
-2.389999
0.616067
1.533778
0.865258
0.769446
-0.159399
-1.764627
-0.746540
1.052685
0.947531
-1.271210
-1.292944
-1.951317
-0.057898
-0.366810
0.023693
-0.595166
0.376242
-0.890590
1.468877
0.338294
1.042746
-0.508372
-1.270480
-0.445914
1.295310
-1.498333
-0.513631
1.523678
0.289501
1.221597
0.008900
-0.940852
0.335229
-1.893748
0.304320
-1.317807
-0.791706
0.227896
-0.198940
-0.093124
1.525792
-0.394452
1.289425
-0.521585
0.114387
0.241136
1.215353
0.329201
-0.669329
-0.249622
-0.861443
0.178805
0.207714
0.836121
0.710780
-2.049278
1.755584
-1.966991
0.306484
-0.326584
-0.796876
-0.539549
-1.530108
-1.354016
-1.667217
-0.449942
-0.138539
0.276967
0.593291
-0.238627
0.379659
-1.615644
-0.345962
-0.631354
1.722224
-0.648077
1.043228
-0.255319
-0.293641
0.462661
0.512380
0.520687
-0.003832
0.569438
-0.479815
0.059661
1.947776
1.138609
-1.266838
-0.778853
0.942679
0.166832
1.486945
-0.851065
-1.173341
1.323274
0.539539
-0.047745
-2.105727
-1.334282
-0.062267
1.086798
-1.159416
-0.079215
-1.401262
-1.433306
-0.294329
-0.026260
0.994571
0.012362
-0.345082
1.379110
1.803153
0.172234
0.113297
-0.215998
2.638890
-1.224524
0.853151
-0.985314
-1.509947
-1.782278
-0.764804
0.362087
-0.886838
1.487260
-0.171407
0.260085
-0.542964
1.373586
2.153700
1.334730
-1.755347
-0.486852
-1.410896
-1.285800
-2.906773
-0.352167
1.086685
-1.082826
-0.812379
-1.206557
-0.130388
-0.754693
0.233632
-0.265170
-0.602028
0.475821
-0.171467
0.388781
0.484730
0.538048
0.626538
-0.717625
0.466945
1.135319
-0.677571
0.038271
0.591992
-2.028671
-0.463678
-0.798465
0.457536
0.226734
0.852645
0.071157
-0.206015
-1.840149
-0.418910
-0.032384
-0.331454
-0.848615
0.581111
-0.709722
-2.629095
1.441783
-0.167854
0.373687
1.037276
-0.552010
-1.467770
-0.385566
1.443883
0.169925
0.348646
-1.997992
-1.085114
-1.530085
-1.155294
-2.416882
1.391177
1.174092
1.192115
0.305769
-0.923659
-0.887333
-0.245156
0.305411
-0.263980
1.905259
0.169441
-1.356616
-0.804233
0.069294
0.120429
0.713712
0.861965
-0.380836
-1.030794
-0.133481
0.077691
0.615650
-1.564483
-2.136476
1.628989
1.486287
-0.667758
1.193911
-0.856006
1.037821
1.784442
0.045113
1.569508
-0.505080
0.599586
-0.210367
-0.079797
0.954001
-0.620847
0.360561
0.230912
0.598599
-0.539953
-1.761061
-0.098538
0.404471
1.438112
-2.170963
2.130706
-0.029495
-0.211928
1.019316
0.680967
-0.245723
-0.872291
-1.260563
1.378146
-0.192976
-1.214524
1.306052
0.518435
0.425608
2.282485
1.071463
-0.274847
0.370828
-0.098284
-0.533113
-0.284573
2.164599
-1.095318
-1.263026
0.146380
1.267183
-1.777210
0.323117
0.492466
-0.059716
-0.382477
-0.124108
-0.570545
-1.019310
-0.191348
0.374894
-0.126774
0.404681
-0.954231
0.900449
0.340403
-0.420086
0.848418
1.252834
-0.362543
-0.855556
-0.872226
-1.266046
0.843751
0.368608
1.596245
0.695131
-1.329005
1.331748
0.156988
-0.927909
0.576896
0.462685
-0.001182
-2.209107
0.046988
-0.001748
0.174798
-0.681893
-2.205753
0.484643
-0.464349
1.380355
0.238653
0.063392
0.664204
-1.002867
0.068628
-0.134736
0.438055
1.810904
0.549646
0.644290
1.210758
-1.715058
-0.931984
0.474843
1.616316
-1.247211
0.243248
-1.091821
1.077621
0.986015
2.108421
-0.491586
0.720059
-0.368542
1.091099
-1.487693
-0.290232
-0.412070
-0.103230
0.443692
-0.510679
-1.068670
0.590938
2.167327
-0.083585
1.702719
1.529668
1.144552
1.834544
-1.088628
-0.304745
-0.050132
0.793965
-0.138736
-0.657376
-0.628668
-1.728139
0.162156
1.245732
-0.081768
0.858879
-1.615612
-0.212971
-0.842561
0.034216
-0.195115
-0.278752
0.726104
-0.547570
-1.185747
-0.140622
2.026292
0.895389
0.605862
-0.188458
-1.148894
-0.372755
0.235638
-1.383005
0.798212
0.096639
-0.329807
-0.004202
0.010634
-0.533797
-1.520564
-0.155594
-1.127933
0.964377
-0.686963
0.484344
0.057134
-0.031186
0.490328
-1.373033
-1.561205
0.958974
-0.640038
1.520946
1.054473
-0.652930
-1.454468
-0.095460
-0.563115
0.236534
-0.241066
-0.526452
-1.197772
-1.045688
-0.971895
-0.301936
-0.429569
-0.844670
0.219801
-0.454096
0.655158
0.220114
0.914351
-0.183043
-1.082065
0.945376
-1.099912
0.564384
-0.283074
-1.843134
2.121306
1.251312
0.716489
0.040252
0.646790
-1.082169
-0.287169
-0.937567
-1.218480
-1.052748
0.113790
-1.013584
1.817607
1.498757
-0.962664
-0.866848
-0.480490
-0.891528
0.872034
0.011402
-0.609977
-0.012785
-0.273353
-1.025038
-0.614451
2.784931
-1.505539
-1.310352
-0.955440
1.120177
2.577102
-0.622926
0.543021
-0.006193
1.770664
0.392098
-0.058676
0.264537
0.489714
-1.023073
-1.260245
-0.858168
-0.377968
-1.679931
-1.347618
-0.537107
-0.460876
-0.465679
-0.300909
-0.987022
0.827452
0.908699
0.665166
2.395002
-0.621104
1.228396
0.884092
-0.459429
-0.030532
0.218156
-1.083450
1.558927
0.304737
-1.322293
0.675599
0.069403
0.075417
-1.404498
0.137055
-0.890916
0.304096
0.878587
-0.496537
0.443665
-0.110670
-1.854690
-0.178330
0.718185
-1.247630
1.479887
0.901548
-1.954401
0.298504
0.020494
0.448109
0.370804
-2.668806
-1.109500
-0.348752
0.521583
0.896474
-1.364486
-0.294715
-1.434754
-1.252178
0.631179
-0.737649
1.477192
0.347664
1.015118
1.160670
-1.186682
-0.518474
-2.336995
0.693001
-0.776180
0.464381
0.326436
0.007169
0.928831
0.525564
-0.632658
0.638920
-1.127206
-0.330520
-0.571901
0.454084
-2.575703
1.524525
2.626972
-0.050096
1.017961
0.246590
0.062004
-0.787139
-0.725921
0.672961
-0.410317
-1.545297
-0.263054
-2.182037
0.168756
1.511218
-1.402089
-1.552193
1.030455
0.145868
-0.260519
2.512484
-1.131136
-0.733067
-0.230981
-0.691796
-0.815152
-0.097925
0.464954
0.183180
-0.054449
-0.149013
0.605104
-0.304654
-2.148836
2.058949
1.944013
-0.363810
-0.928764
-1.812676
-0.245049
-2.190354
1.443368
1.927155
1.943071
0.162818
0.913636
1.252658
0.650671
0.613879
-0.929452
-0.372548
-0.060346
-0.392948
-0.898631
0.668381
1.133899
-0.136985
-0.319468
1.287684
-0.730404
1.246922
-1.712830
0.384038
-0.346408
0.096964
-0.424242
-0.469890
1.276088
-0.500269
-1.275676
-0.718268
-0.827739
0.383937
0.230472
-1.595613
-0.805141
-0.363209
-0.280856
-0.794598
-0.870953
-0.816523
-1.641216
-0.436318
-0.752886
1.682571
2.312531
-0.557437
0.676755
-0.006535
-0.252248
0.061532
0.219760
1.219389
0.385770
0.112242
0.497192
0.808386
-0.754640
-0.611347
-0.130083
0.161667
0.511145
1.078698
2.469124
-0.661107
0.667128
1.559366
-1.506640
0.382046
-0.245698
-2.112766
0.312189
0.797621
1.329395
-1.174202
0.579912
-0.512446
-0.360165
-0.017049
-1.130844
1.268424
0.586542
2.422691
0.643887
-0.596419
1.544542
-0.301660
-0.431294
0.674419
-0.068866
0.979838
-1.285610
0.784666
-0.334771
0.963187
-0.945612
1.611331
-0.000710
-0.515177
-0.868879
-0.186788
0.452946
-0.075292
-0.393275
-1.330018
0.210606
1.142172
-0.376948
0.366877
-1.345749
-1.024444
-0.013880
0.934391
-1.175011
-0.845877
-1.048591
0.025998
1.547210
-1.109436
-0.767728
-0.620486
0.939798
-0.623147
-0.406058
-0.012231
-1.380994
-0.127893
-0.471784
-1.186570
-0.742607
0.264191
2.457110
0.008686
0.492021
-1.114598
-0.346291
0.302682
0.223440
-0.323792
1.350328
-1.073362
-0.976071
-0.571241
1.924247
0.423426
0.493126
0.923171
-0.274486
-0.200696
-1.088007
0.789817
-0.194509
-0.517043
2.155704
-0.972206
0.103877
-2.109086
0.716713
-0.924306
3.709574
0.273161
0.427877
-0.211405
-0.081592
0.619037
-0.627534
0.023651
-0.001830
0.857805
0.472418
0.142289
-0.958513
0.622790
0.975377
-0.855008
-0.509150
-0.230955
1.036498
1.260083
0.578776
0.458790
-1.060126
-1.363766
0.614173
0.901951
-0.032622
-1.654885
0.441560
-0.969489
0.060393
0.259617
-0.032876
0.056685
1.624136
1.609913
0.283562
-2.156964
-0.819414
-2.356153
-0.483170
-1.213912
-0.076230
0.156740
-0.655442
0.271257
0.516171
-0.253151
0.210029
-0.516716
0.592388
0.480835
0.037606
-0.762984
-0.874491
-2.483237
-1.417447
-1.477981
1.688523
1.954267
-1.008321
0.696717
-0.937417
1.434705
0.628421
0.719116
-0.312734
-1.852831
-1.022009
-0.212500
-0.082548
-0.155795
0.265970
2.633440
0.335858
0.138697
-0.074043
1.438641
-1.911730
0.533241
-0.499860
0.813644
-0.016357
0.781256
1.139854
-0.131542
1.127592
1.119676
-0.293358
-0.097969
0.570351
0.130723
0.894848
-0.053767
-0.678654
1.125488
0.716015
2.140343
0.022841
-0.690661
-0.889000
1.213071
-0.975460
-0.669147
-0.173006
-1.190911
0.543127
0.528746
1.125645
0.393922
-0.782253
-0.491116
0.997155
-0.975682
-0.015686
-0.460272
0.831423
0.949012
1.433609
-0.253754
-0.262093
0.408004
-0.113127
1.213806
0.579367
-2.104661
0.957282
0.418833
-0.636108
-1.297879
0.347438
-0.502627
2.210794
-0.969649
-0.146332
-0.710033
-1.231189
-0.423188
1.192608
1.020180
-0.476390
-0.141713
-0.823952
0.988970
-0.337156
0.575578
-0.529783
0.783319
0.926563
-0.949392
0.706930
0.989729
1.247729
-0.439758
0.558045
-0.081889
0.212500
0.003940
0.252851
-0.382192
-0.481784
-0.271579
0.565919
0.094079
1.330865
0.804750
-0.295772
0.817006
-0.926492
-0.432755
-0.439866
1.032851
0.080953
-0.984839
-1.272487
-0.079214
-2.059472
-0.006806
-0.674884
1.817570
-1.138291
0.003589
-0.395161
0.134467
-1.299792
-1.140572
-2.256085
1.210886
0.710802
0.861372
-0.808699
-0.034342
-0.346216
-2.474601
0.080547
-1.184372
0.374205
-0.695349
0.159314
1.054795
-0.821956
-0.491344
0.311832
0.175931
1.143607
0.426890
-0.416822
-0.775189
-0.271387
-0.718986
-0.790090
0.687220
0.607537
-0.415504
1.534196
-0.462084
-0.766793
0.755810
0.647488
0.912712
-2.745877
-2.822332
-0.167557
-0.229387
1.334544
1.186273
-0.888954
-0.281486
1.293395
-0.251317
-0.533549
3.225223
-0.359500
0.649551
-1.516311
0.575481
0.398413
-0.052993
-0.087379
0.928206
-0.754320
-0.509028
-0.377894
0.408965
-0.846826
0.976667
-1.657483
-0.419172
-0.193447
1.345198
-1.854967
1.656283
1.243929
0.182822
0.771022
-1.418693
-0.695327
-0.596423
-1.161389
0.942790
0.281429
0.436046
0.089789
-1.086311
1.064770
-0.948847
0.672678
0.283400
-0.371007
-2.989242
-0.941357
1.974008
1.644585
-0.100053
1.552658
1.434010
2.016401
0.423660
-0.107730
-0.508730
0.816531
0.506835
-0.761492
-0.666962
0.072657
0.594515
0.737330
1.237418
-2.310180
-0.018952
-1.082058
-1.296632
-0.819148
-1.717600
-1.534528
0.494944
-0.289079
0.147812
-1.192181
0.718441
1.120113
-1.717810
-0.765715
0.575416
0.617366
1.200794
-0.061571
-0.989676
-0.236569
-0.316171
0.316091
-0.063168
-0.634327
-0.153860
-0.041421
-0.667665
0.696281
-0.064846
-1.298927
0.487923
0.052893
-3.558272
-0.214346
-0.050396
0.636617
-0.620422
-0.243155
1.409723
0.286010
-0.580466
-0.374571
-0.121783
1.343017
-1.620898
0.783184
-0.233804
-1.239118
-0.423850
-0.309638
0.498559
-1.202853
0.875258
0.754462
-1.231766
1.180543
0.293282
1.480734
-0.807871
0.381359
-1.827893
-0.044221
-0.557954
-0.326199
0.550947
-0.978748
-2.408022
-0.182446
-1.232908
-0.913324
0.169544
0.001230
-0.285148
-0.825446
-1.517433
-0.984964
-0.121068
-0.268606
0.343536
-1.775963
0.694780
-0.205942
-1.036996
1.295634
0.422766
-0.409482
0.397932
-0.275141
0.715682
0.740088
-0.851886
-0.937156
0.550754
-1.468411
-0.428397
-0.361717
-0.779347
1.539742
-0.832772
2.640785
-0.721170
-0.629586
1.059635
1.412315
-1.678059
0.659882
2.635064
0.644625
2.590714
1.071670
-0.630201
0.735044
-0.062036
0.452916
1.197098
0.057415
-0.718600
0.443111
0.455040
0.620424
-0.739716
-0.146461
-1.063509
-1.003289
1.148069
0.371573
1.396020
0.231036
-0.920232
1.652240
0.171344
1.590904
0.502708
-0.440076
-1.396565
0.414134
-1.584516
0.149042
2.012798
-1.346215
0.041697
0.015156
0.826093
-0.661691
-0.373340
1.366642
-0.343532
0.088952
0.046952
0.088259
1.246975
-0.855903
0.795938
-0.029172
-0.559602
1.027045
-0.511934
0.326201
0.457197
0.005469
1.010347
-1.525096
0.041202
1.210334
-1.205593
-0.367112
-0.704220
-0.190040
-0.595039
-0.664510
-2.442030
-0.589395
0.525233
0.396581
-0.949592
-1.936676
-1.167288
0.127678
-0.235367
-0.379161
0.007741
0.001438
1.715737
0.250542
-0.680117
-0.790812
-0.171111
0.411423
-0.566592
-0.668613
0.132081
0.339657
0.951626
0.126569
0.802786
-1.080827
-0.976329
0.936379
-0.700574
0.086942
0.814030
-1.987966
1.396842
0.839237
0.282693
-0.524471
-2.278922
-0.179848
0.687608
1.365874
-0.400232
-0.727933
-0.349399
-1.525327
0.775675
-0.158004
-0.513763
0.174806
-0.918542
0.491700
-0.667699
0.315075
1.073425
-0.660773
-0.574991
-0.621775
-1.574197
0.305231
2.272213
0.475578
0.482440
-0.184743
0.938533
0.316471
0.884662
-1.501621
0.266827
-1.439993
-2.685675
-0.265918
0.448774
1.696045
1.388952
-2.044816
2.006188
0.476154
-0.222670
-1.055543
-1.060178
0.252923
1.218057
0.876195
1.817168
0.285727
-0.148868
-0.347317
0.565098
0.899267
-2.108645
0.766755
0.570934
-0.156203
-0.900716
0.195869
-0.414551
-0.979240
1.039929
-0.350923
1.463001
-0.263594
0.638144
-1.287912
-0.240770
1.059685
0.241839
-0.706672
1.073874
0.815534
-0.999488
-2.146444
-2.261977
-0.401514
0.066526
-0.966267
0.238017
-0.511838
-1.483852
2.291493
-0.571099
0.682592
-0.480986
1.480470
0.063294
0.626110
1.233827
-0.680472
-1.337714
0.257460
-0.119616
0.334329
0.717719
-0.978272
-1.654981
0.843634
0.581728
-0.174947
2.044739
-0.892888
-0.506383
0.900500
0.243271
-0.876210
-0.544150
-0.764011
0.559067
1.231377
-1.340505
0.101872
-1.268837
-0.581707
0.931820
-0.919737
-1.683849
0.409943
-0.322571
0.099165
-0.376908
-0.555308
-0.742950
-0.271309
1.060544
-1.114415
0.342041
0.574245
0.860715
-0.094179
0.145456
-2.278036
0.567559
0.109175
-0.179320
0.030953
0.358667
-0.287212
-1.721518
0.268988
0.993566
0.361661
0.738552
1.035971
-0.994356
-1.012934
-0.769906
-0.215609
-0.339596
1.884092
0.697649
0.703958
0.293156
0.579689
1.001749
0.251027
-0.919428
-1.886547
-0.211511
0.335964
0.668798
0.212743
-0.327695
0.939024
0.341555
1.326308
-0.035271
1.079077
0.924931
-1.903486
0.335157
0.703084
-0.432900
0.654498
0.158840
-0.696000
0.708656
-0.040553
-1.607812
1.016198
-0.672905
0.470526
-0.735087
0.224309
0.962729
0.797601
1.645792
-1.540975
0.763957
-1.084052
0.661676
-1.594131
2.728693
-0.116743
0.830458
0.894020
0.627269
2.456960
0.637509
0.018230
0.822241
-0.437617
0.678816
-0.785211
-1.812455
1.164026
-1.246453
-1.215285
-0.187152
0.505768
0.995790
0.131863
2.448235
-0.474874
-1.261333
-1.427219
-0.028725
0.211548
1.232597
-0.982123
1.092692
0.591535
1.025029
1.572110
1.854182
-1.752778
0.328330
1.302022
0.070296
-0.270163
0.401695
-0.336287
-0.390256
-0.838046
0.566982
1.715924
-2.115596
-0.445462
0.486952
-0.590942
-1.191300
1.315684
-0.506692
1.744688
-0.396971
0.079688
1.064825
-0.710098
0.923347
-0.877789
-1.872184
0.791533
-0.959520
-0.986099
1.048214
-0.571481
-0.761815
-0.638682
1.568377
1.373328
-1.206115
0.833922
0.832746
0.757287
1.733466
0.093732
0.901532
-0.970909
1.893309
-0.242753
1.816326
0.271071
0.569108
-1.267437
-2.184225
-1.073968
-0.180503
-1.094214
0.901221
-0.896718
1.950169
-0.554351
0.169839
0.514281
-1.042765
0.205699
0.448762
-0.073409
0.217035
-0.209038
-0.627750
0.517634
-0.423073
0.697250
0.641282
-0.890348
-1.437941
0.047580
-0.558920
-0.435862
0.889275
0.375195
1.174288
-1.084029
-1.062224
0.320441
0.158654
-0.484291
-1.278378
-0.608549
-0.880764
0.514138
0.620434
-2.004700
-0.635295
2.202665
1.112868
0.962818
-0.519760
1.294674
-0.363242
-0.164697
0.338504
-0.443880
1.975693
-0.235630
1.354675
0.486957
-2.205527
0.234152
-0.318002
-0.515427
0.873572
-1.725294
-0.708077
-0.574160
-2.253155
1.239356
-0.294838
-0.498880
-1.201110
-0.147517
-1.182581
-0.635695
-0.336015
0.170165
2.046628
-0.901291
-1.968083
-1.863611
-1.311683
0.556146
1.370741
0.099601
-0.432476
-0.795773
-2.114074
-2.965271
0.129528
1.834402
-0.711660
0.002207
0.408833
-0.392803
1.493503
0.027221
0.210520
0.674589
-0.904964
0.277451
-1.204722
-1.183112
1.016505
0.386728
0.111587
0.049564
-1.277402
-0.832325
-0.928213
-1.664144
1.148262
0.070571
0.348832
-2.431467
0.655234
1.526171
-0.681950
1.181241
0.500319
-3.012618
2.309313
-0.147658
0.145554
0.406855
1.005876
0.846472
-2.303187
1.362951
-0.589850
-0.532308
-0.484229
0.482727
-1.997874
-0.925318
0.662609
0.482266
2.210190
-0.802153
1.666490
0.476954
-1.983638
0.351766
0.084242
-3.765702
-0.912731
0.641690
1.991551
0.432313
-0.545519
-0.263371
0.829851
-1.975668
0.384925
-1.492120
1.599692
0.257516
0.625792
0.945930
-0.446918
0.969001
-0.704564
1.211232
-0.352592
2.163783
0.847786
1.152004
-2.121971
0.147807
0.242722
0.949083
0.623562
1.680753
-2.192790
-1.848152
0.205452
-1.120017
-1.695485
-0.408583
-0.554808
-0.668903
0.256327
-0.969946
0.444902
-0.828860
-0.072087
-0.418455
0.609943
-0.079203
1.204851
0.366354
0.024502
0.728155
0.533521
-0.768408
-0.985852
1.862038
-0.722432
-1.396660
0.745273
-1.057036
-1.406009
-1.271792
1.120923
-0.119331
-0.064785
-0.133188
-0.605779
-0.940074
-0.102900
-0.438422
0.523060
-1.028853
-0.751924
-0.704103
0.334803
-0.446634
-1.257784
0.341827
0.482309
-0.608027
-1.265564
1.415468
2.750564
0.080891
-1.519822
2.481192
0.156952
-1.448114
0.673187
0.137076
0.300638
-0.068549
0.808079
-1.755235
-0.494257
1.260560
-0.250332
1.880369
-0.847456
-0.302751
0.351294
0.706019
3.565504
-0.288481
-0.612172
0.449594
0.287706
1.021249
-0.118951
-0.431339
-0.548552
0.144534
0.229146
-0.541846
-0.908650
1.393945
-0.205578
-0.201846
0.724042
0.381946
1.167450
0.311615
0.824617
-0.276415
-1.692078
1.614975
2.277836
0.532135
-1.514939
-0.128130
-1.958278
-0.945561
-0.868837
0.688048
-0.098429
0.242102
-0.799299
-0.530571
-1.271023
-0.445361
2.267046
0.663195
-2.056181
0.887986
-1.746741
-0.191084
-2.542327
-0.014249
-0.605569
0.017713
1.055205
1.705201
-0.935697
-1.148002
1.615340
-0.343850
1.883172
0.347103
-1.194784
-0.831647
-0.609871
0.165455
-0.094403
-0.974209
-1.655517
-0.478713
1.160012
-0.685948
-1.057008
0.405095
-0.983322
-0.970367
-1.186409
0.464821
-0.439959
0.799208
-0.960815
-1.101923
-1.106179
-0.155886
1.196550
-0.279632
-0.013621
-0.943354
-0.640684
-1.060794
0.412083
-2.015302
0.723903
-0.322721
0.833471
0.002126
0.738230
2.009249
0.724287
0.616440
-0.276021
-0.070268
-0.237993
-2.175028
0.195216
-0.468492
0.937379
1.675246
-0.520524
0.587815
-0.432751
-0.786964
0.449229
-0.628697
0.242301
1.455311
-0.641578
-0.725201
-0.177856
-0.332846
0.043632
-2.299366
0.849449
-1.042903
-0.657057
-1.278293
1.682485
-0.023264
-0.178378
2.049953
-0.056049
-0.339344
-0.459663
0.127037
-1.144129
0.350231
0.820766
0.961631
0.325995
-0.957092
1.120755
-2.413203
2.106798
1.580726
-0.212137
-0.081301
0.359646
-0.833701
-1.305971
-0.866096
-2.545925
-0.965390
0.736472
-0.143516
1.530930
0.031663
0.087605
1.405348
-0.270312
-1.671919
0.469749
-0.194057
-0.314858
0.229922
-0.187431
0.919671
-0.015029
-0.203886
1.315431
-0.393971
-2.021345
1.200110
-0.252472
-0.474919
-0.334299
0.518560
0.314293
-0.894443
1.200168
-0.630430
0.338309
-1.319087
0.661779
0.592719
-0.050035
0.846636
0.882709
0.327904
0.673827
1.544030
0.779200
0.043546
-0.072168
-0.816376
-0.621956
0.694089
0.498360
-0.782987
0.510405
-0.432327
0.364751
0.991352
-0.610233
-0.199943
-0.070184
1.146298
-1.306053
-0.482842
0.582040
0.570059
-0.596645
-2.580371
-0.858930
0.031353
1.351073
-0.077608
-0.627366
-0.675954
-1.011463
0.008692
-0.163629
-0.453040
-1.911812
0.720280
-1.073300
2.365008
0.660416
0.943562
0.189367
0.771192
-0.675484
1.073128
0.025649
0.950513
0.124502
0.421140
-1.215714
-1.211959
2.875854
-0.929174
-1.149956
1.283891
0.424485
1.188739
-2.316649
-0.052634
-0.560802
-0.242072
0.691932
-0.321616
-0.721372
0.129028
-0.062729
0.509735
-0.847101
1.316673
0.166309
-0.011410
0.533756
-0.288535
0.540193
-0.311667
-0.194710
0.810568
1.700621
0.563973
-0.929287
-1.328371
1.841277
-0.192992
-0.363889
-0.866522
-0.686430
1.503527
0.343490
-0.826277
-1.564534
-1.996263
-0.184031
0.549982
-1.369997
0.094916
-0.450818
1.644059
-1.243536
0.926048
-0.615100
-0.728505
0.068520
0.164186
-0.270912
1.522050
-1.477487
1.398148
0.825648
1.935247
-0.467711
0.277504
0.736905
1.442737
-0.134519
-1.935435
-1.997407
1.754683
1.152026
-0.390892
1.343103
-1.095926
-0.517215
1.013226
-0.942423
2.026551
0.465742
-1.779699
-0.219491
0.391873
-0.249261
0.668435
1.438423
-0.176117
0.311561
0.758176
-0.287741
-0.714437
2.117405
-0.290240
-0.924766
-0.191178
1.068798
-0.191624
-1.528180
-0.160508
0.212809
-1.456367
-1.574146
1.472228
-0.704457
0.403203
0.475554
0.246840
0.626873
-0.001719
0.130989
0.425994
-0.922909
-0.943499
0.722847
0.789994
1.812085
-1.031353
-0.673626
-0.321863
0.001253
-0.132382
-1.011416
-0.913026
1.066693
0.010297
0.786455
-0.878167
1.016456
-0.061513
-0.454973
1.665732
-1.021784
0.830091
1.508359
-0.019198
-0.859095
-0.078448
-0.153692
-0.840065
-0.522523
-0.448388
0.122933
3.403998
0.184309
1.608942
-1.705182
-1.493978
-2.260212
-0.471517
1.062090
0.354303
-1.069044
-1.151067
0.153636
-1.575934
0.952917
2.884327
2.019896
-0.046245
0.091178
1.509313
-0.753660
-0.188355
0.182072
-2.570340
-1.521428
-0.153580
1.060547
1.425083
-0.983403
0.425688
-1.621670
-0.534904
-0.047600
-0.116043
0.231012
-1.026303
0.762779
-0.906553
-0.293743
0.476996
-3.306115
0.440765
0.739031
1.775846
-0.644710
-0.153198
-1.679349
-1.524051
0.098747
-0.165300
0.504336
0.228910
-0.079379
1.059529
-0.347583
-0.473502
0.312416
-0.565201
0.363434
-0.826676
-0.468273
1.344905
0.131483
-0.174460
-0.228919
-0.417125
-1.124296
-0.663001
-0.110246
-1.191118
-0.925582
-1.459026
0.992563
0.079914
-1.796175
0.904127
-0.256883
0.149771
-0.019284
0.982478
-0.623059
0.691870
-0.631038
0.921739
0.946996
0.392278
0.897632
0.150478
-2.180861
0.024806
-2.034733
1.789178
1.507192
0.643141
0.295974
0.156221
-1.180242
-0.238101
-0.609254
-0.390255
0.279466
0.510846
1.515383
0.225751
0.729616
0.561255
-1.192423
-0.100323
-1.280201
-0.475012
0.056996
-0.735651
-1.368563
1.411837
0.063444
-0.828905
-0.446131
0.392160
0.184819
-1.488578
-0.636406
0.220626
1.398936
-0.304668
0.230564
1.154682
-1.047744
-0.210372
-0.018467
0.866073
0.602306
-0.700355
-1.003068
-0.656264
1.661738
0.086564
-0.744509
-0.449220
0.602578
1.203072
-0.221712
-0.237156
-0.399812
1.083785
0.939030
0.230394
-0.634747
-0.080128
0.224625
0.766697
-0.787913
0.794829
-0.329637
-1.002082
0.005267
-0.615422
-0.884751
0.503245
1.661327
-0.324155
-0.167409
-1.399979
-1.840492
0.400969
-0.630280
0.241449
1.661731
-0.191438
-0.605970
-0.027077
-2.004869
0.808698
1.629073
-1.509565
1.593859
0.681624
0.647861
0.644940
-1.050758
-0.523495
-0.338606
-0.336070
0.357949
0.936205
-1.173273
-0.615074
2.259040
-0.308989
0.360983
0.782344
-2.192592
2.091916
-0.721381
0.680613
-1.966946
0.414354
0.648951
1.202057
0.174236
-2.246565
0.831124
-2.534013
-0.006527
0.005674
-0.563766
0.197056
0.485503
-0.505792
-1.181871
-0.706878
0.169918
0.292850
-0.017041
1.785962
-0.032202
0.873358
-1.853546
1.215941
-1.033486
0.664150
-0.214998
0.572894
-1.133049
-0.207212
-0.653090
0.023907
0.827563
-0.211879
1.114405
-0.555497
1.370024
-1.139693
1.196207
-0.634848
0.735983
-0.284379
-0.013257
1.097529
0.225492
-0.904095
0.631808
-1.450431
0.230132
-0.372522
-0.918607
-0.299173
-0.810646
0.966012
-1.165003
-0.046421
-0.617756
-2.038085
-0.891606
-0.256056
0.755330
-0.640801
0.519259
0.017946
1.461566
0.022595
1.150565
0.214009
1.314855
0.687803
0.349815
-0.283933
-0.828919
0.002052
2.395731
-0.183073
0.046792
-0.719294
1.638633
0.810546
-0.782047
0.237935
0.047773
0.730594
0.222536
0.063150
0.016513
-2.206060
-0.047880
0.496015
-0.444409
-0.755638
-0.127369
-0.439660
0.015052
-0.376207
0.196569
-0.543520
1.217703
-0.429070
0.327643
-0.138774
-1.323660
-0.031860
1.260385
1.908979
0.088999
1.031820
0.854250
0.561178
-0.838383
0.758890
0.585986
-0.277784
2.335385
0.092672
-1.624142
-0.800825
0.224191
0.225342
0.239055
-1.782953
-0.157297
-0.148096
0.311717
0.243798
0.494983
-1.855434
-0.278037
0.495180
0.635557
0.284806
-1.177183
0.148640
-0.665043
0.302000
-1.407484
0.734398
1.281177
0.883727
0.169625
1.907079
0.502205
-0.750898
-0.671778
-0.778825
-1.121276
-0.251557
-0.364975
0.279746
-0.162889
-0.530733
0.326384
0.496108
0.718530
-0.938284
0.750188
0.449555
1.357590
0.668781
-0.627973
1.105905
-0.408853
-0.547918
0.204451
-0.173795
1.530329
0.960881
0.683276
0.485441
-0.223267
-1.021567
-1.297037
-0.219690
-0.361059
0.008985
0.243192
-1.440743
0.338930
1.275628
-0.169496
1.193606
1.043380
-1.356404
-2.053072
0.485778
-0.119959
1.625579
-0.417775
-0.445400
-0.250390
-0.651275
0.648626
-1.234860
1.293905
0.631290
-0.030015
-1.836508
0.475424
-0.201695
0.949023
-0.006868
0.474214
1.430740
0.242512
0.543076
0.717755
-1.154931
-0.333478
1.658330
0.842687
-2.301901
0.920372
-0.367655
-0.578949
0.469252
0.953274
0.735803
-1.858762
0.666925
0.455972
-0.600853
-0.342591
2.112064
-0.093420
-2.017503
0.475006
-2.189728
1.333851
-0.562087
0.912900
0.097279
0.973134
1.033665
0.837659
1.707207
3.316340
0.694924
-1.331707
1.176073
-0.352469
0.476121
-0.621897
0.594213
1.001223
0.259377
0.266953
1.244898
-2.536369
-1.251815
-1.287440
-0.701429
1.208711
0.120694
-0.263652
-0.363112
-2.263533
-0.748620
-0.928464
0.143858
0.976430
-0.083762
-1.227233
-1.251803
-0.390003
0.005813
0.029605
-0.961165
1.674214
-0.425310
0.552527
1.311572
-0.507195
0.489069
0.101345
-0.261402
-1.750839
-0.970920
0.159172
0.243691
-0.008489
-1.948134
-0.023041
0.181764
0.327759
-0.466552
1.559430
1.042181
0.894655
-0.615120
-0.111974
0.343597
-0.519546
0.590654
-0.971580
0.744355
1.191329
-0.503200
-0.930459
-1.175108
-0.397904
2.111657
-1.602404
0.505535
-1.279678
-0.828391
-0.496533
-0.265310
0.263953
-0.810644
-0.380997
1.130150
1.386570
0.947721
1.040783
1.490064
-1.218891
-0.395726
-0.046242
-0.315578
1.172538
0.694987
0.929951
0.156231
-1.278463
0.993925
0.786506
1.994418
-0.465103
-0.051647
0.601032
-1.084319
0.329076
-1.734003
-0.354437
0.221469
-0.854913
-0.884290
0.714746
0.133861
-1.063643
-0.112106
1.199756
-0.848955
0.985472
0.889802
1.165813
0.410640
-1.179138
1.739745
1.636585
-1.722150
-1.574775
0.126445
0.853123
0.079807
-0.829790
1.009373
0.140292
0.582668
0.336379
0.551903
-0.150907
0.133955
0.191857
0.520931
2.211664
-0.439009
-0.002800
-0.629226
-0.497875
0.066404
0.021699
-0.760208
-0.554039
-0.932311
0.955749
0.662309
-0.094028
0.569550
-0.282076
1.849504
0.025943
-0.541934
-0.756543
-0.127052
0.080762
1.158066
-0.865960
1.535684
-1.991502
-0.567259
-1.577899
-1.210644
0.736656
0.883608
-0.368597
-2.219976
-0.854233
0.504175
-0.740669
-0.418863
-0.401534
0.016486
1.423594
-0.715016
-1.145205
-0.102975
0.205290
1.405892
-1.027511
0.709601
-0.707364
-0.376352
-0.844049
-0.850844
0.013885
-1.988475
0.558164
0.562299
0.566139
-0.310804
1.104986
-2.443853
1.058960
-0.956588
0.018755
0.692143
-2.259153
0.039995
-0.744325
1.912056
-0.403060
-1.090422
1.269330
1.402272
-0.408648
-1.292089
0.171556
0.530071
-0.243421
0.843276
-0.027722
1.477768
0.563330
0.052740
1.847947
0.096740
-0.685240
-0.644148
1.795316
1.307403
-0.927662
-0.037198
0.109971
1.296382
-0.904278
-1.589046
-0.497320
-0.766326
-1.527710
-1.413672
0.737600
0.422411
-1.174148
-1.140632
-1.061488
0.650063
1.005988
1.178318
-1.367238
1.986641
-0.769436
1.273068
0.697282
1.010435
0.947618
0.853150
0.027676
-0.324662
0.339390
0.781542
0.493390
1.215017
-1.511645
-0.604900
1.025455
-0.031782
0.005081
1.328091
0.143459
-0.284004
-0.806317
0.240320
-0.777213
-1.331342
-0.915816
-0.836175
1.148442
-1.035632
0.930698
-0.252357
0.292741
0.303979
0.279704
-0.108432
0.262319
-1.097000
-1.141853
0.998051
0.142318
-0.349350
1.238658
-1.983527
-2.391902
-0.376415
-0.266004
-1.473784
0.231409
-0.440977
-1.399783
-0.462856
-1.370987
-0.006585
-2.129245
0.436780
-1.284532
-0.539913
1.027960
-0.268238
1.149791
0.873526
-0.370405
-1.537760
-0.158335
1.233122
-1.821480
-1.819090
0.226637
1.551114
0.641032
-0.251498
1.017631
1.977749
0.467573
0.598563
-0.120077
-0.199448
0.130200
-2.266093
0.244150
1.198272
-0.802045
-0.784086
1.110530
0.910138
-0.685821
-0.379745
0.927764
-0.875537
0.828411
0.934987
-0.568166
-0.372591
-0.380694
-0.218243
-0.356269
-0.483192
-0.755146
-0.017862
-1.038683
-0.943892
0.795751
1.222102
1.980532
0.690761
1.937870
1.610378
0.594825
-0.709716
-0.322711
-0.501653
2.467427
0.183893
-0.367653
2.362662
-1.395710
-0.899558
0.945158
-0.374954
0.114357
0.507151
0.623587
-0.140672
-0.317124
-0.729280
0.820691
-0.425086
-0.583199
-0.756809
0.825584
-1.208637
0.990763
0.137498
-0.318649
0.117517
0.148843
0.560525
0.154515
0.309056
1.385681
-0.769027
0.544122
-1.774798
0.920152
-0.303363
-0.246073
0.446501
0.729118
1.268257
1.806944
-0.225807
0.047699
-1.228376
-1.012839
1.265565
-0.868547
-0.775196
-0.764569
1.981239
0.722783
1.172890
-0.044971
-2.869489
1.608098
-0.121862
-1.680536
0.713971
1.227701
1.010312
0.896581
0.565012
-1.173557
1.303519
-2.119699
0.286828
-0.238885
-0.050744
1.099624
-1.301183
1.738522
0.100628
-1.183371
1.284863
-1.098674
0.584738
-0.940111
0.374960
-1.352497
0.123886
0.462297
-0.290304
1.909828
-0.048348
0.043213
1.473110
0.798053
-1.180081
-0.569222
0.892437
0.025017
-2.604089
0.539477
1.208560
-0.970097
1.744599
1.293956
-1.090599
-1.423109
2.121468
-0.781128
-0.437982
-0.687158
-0.185433
0.299144
-0.521016
-2.050326
1.629112
-1.450235
-0.400524
0.442083
0.630158
2.131521
0.934752
-1.084803
1.701874
-0.006028
-0.662999
0.657763
-0.376051
0.118481
2.597528
0.579726
0.462626
-0.271094
-1.019345
-0.534901
-0.743577
1.007878
0.761686
0.647704
-1.874811
0.850532
-0.016766
0.302905
1.739604
1.328309
0.019392
0.280394
0.776796
-0.337826
1.086688
0.860297
0.703033
-1.642374
1.371580
1.422835
-1.111980
-0.330901
0.980552
-0.150309
0.023968
-0.941399
-0.467391
0.286890
0.732132
1.012046
0.156862
-0.991311
-0.753037
-0.440231
-1.400358
-0.954072
0.066118
1.618727
1.529303
0.588420
-0.483409
0.867720
0.784453
1.434088
0.505027
-0.817693
0.871161
0.057576
-1.053584
-0.373197
0.433121
-0.960947
-1.699546
0.414464
0.972543
0.132147
-0.952788
1.487246
-1.476787
0.486393
1.221764
-0.789305
1.860605
-0.359964
0.362197
-0.550473
-0.529690
0.130829
-1.323912
0.284265
-0.703622
0.510544
0.602631
0.303422
0.490626
2.247443
-0.148307
1.050330
0.238008
-0.008707
1.356138
-1.051210
-0.817764
0.908860
2.133625
-0.576155
-0.613557
0.654345
-0.654159
-1.712489
0.410049
0.390941
0.402263
-0.879591
0.003362
-0.242233
-0.758174
-2.028059
0.319393
0.894987
-0.206528
0.530034
-0.079353
-0.021772
-0.483101
-0.441534
-0.271729
-1.105615
-0.578438
1.675829
0.657276
0.726965
-0.037440
-0.423523
1.063276
-0.176456
-1.422643
-0.685801
-0.148240
-0.934093
-0.209940
0.096859
-0.234046
-0.283361
-1.679891
-0.750281
-0.348262
-1.081146
1.660305
-1.643359
1.748303
-0.478607
-0.538662
0.021355
2.568296
0.130926
1.318652
0.754188
-1.115503
-0.325520
-2.002495
0.209038
-0.177513
1.534018
-1.043430
-0.404135
-1.393861
0.653967
0.450303
1.712108
2.212933
-1.007383
0.456916
0.244837
-1.189995
-0.965095
-2.106186
1.448810
-0.549719
-1.067652
0.005873
-1.745118
0.094143
1.377922
0.271774
-0.076028
1.631408
0.677469
-0.468672
-1.143673
0.637215
1.180588
-1.095659
0.114990
0.310684
1.011852
-0.661174
1.482201
-0.639499
1.089751
0.413261
0.714661
-0.904068
-0.274700
0.149714
-2.081474
1.476863
-1.736358
0.797348
-0.803935
-0.041550
1.231076
-0.261036
-0.128921
1.043144
0.265835
-0.841115
-0.775082
-0.630853
-0.095991
0.577441
0.847885
1.825609
-0.906777
0.907589
0.744232
-1.255602
-0.082113
1.464688
-0.141245
-1.096407
-1.641962
0.042270
-0.944486
0.720587
0.003679
-0.913867
-0.032381
-0.275900
-0.358676
0.437258
-0.334020
1.269803
-0.904900
-2.267409
-0.294334
2.119074
0.275544
0.474511
0.452059
-0.324521
-1.290375
-0.972419
0.829921
-1.338024
0.128571
-1.062591
0.969597
0.662805
-1.128182
-0.677155
-0.071554
0.071720
0.542793
-0.441233
0.486138
-1.002332
-0.546457
-1.005642
-0.775855
0.037404
-0.571317
-0.729692
1.276501
0.805480
0.296268
-0.794092
-0.271522
-0.040208
0.836619
1.494842
-1.724268
0.574713
1.193229
0.819869
0.840662
-0.723717
-0.114639
0.806900
-0.101442
-0.265214
0.948533
-0.812263
-0.029109
-1.641926
-0.763637
1.260027
2.911571
0.172347
0.601887
-0.758328
1.740200
-0.439066
-0.185733
-0.660820
-1.042378
0.290724
-0.806061
-0.353345
-0.864886
0.700231
1.821633
2.174240
0.500889
1.070587
-0.508467
1.180202
0.177844
-0.324323
1.089116
-0.239779
0.675740
0.111641
0.516475
0.614114
0.033784
0.355624
1.391700
-1.687539
-0.609012
-1.645355
-0.672820
0.262374
1.265391
-0.161541
-2.331409
-0.145486
-1.100685
0.150566
-0.634820
-0.653798
-0.758116
1.072611
-0.860092
0.076753
-2.409714
0.029706
2.190649
-0.021882
-0.380336
1.099519
-0.338828
-0.073361
-1.912838
1.610586
-0.390180
-0.173808
1.433364
0.348457
0.616175
-1.054778
0.155016
0.644351
-0.496448
0.267094
-0.290088
0.428992
-1.865482
1.003823
1.359825
2.394776
-0.423684
0.170158
-1.000335
-0.478687
0.761520
-0.249386
-0.372269
-0.260038
-0.347964
-0.368631
0.012755
1.002001
-0.530676
-0.898569
-0.133620
-0.049852
-0.599538
-0.286316
0.189040
-0.597210
-1.040055
2.707011
-0.158086
0.505844
0.327599
-0.985163
1.053268
0.783729
0.549876
-0.651145
-1.838666
1.503309
-0.060006
1.111752
0.980528
-0.691496
-0.592398
1.056852
0.618863
-0.682374
-0.334996
-0.083547
-0.997131
0.509099
-1.162893
-0.418163
0.190170
0.777577
1.285253
-0.554321
-1.081725
0.361516
-0.027541
-0.033500
-0.809391
-1.917155
0.224498
-0.792300
0.729982
-0.072316
0.647277
-0.388387
-1.561476
-1.383300
0.213535
2.004915
1.057637
-0.220771
1.389303
-1.628357
-0.743772
-2.217137
-0.243674
-0.059136
-0.420280
-0.066666
-1.202859
-1.121091
-2.125406
-0.443150
0.169888
-0.691472
-1.384737
-0.519759
0.958966
2.368122
0.990093
0.984029
-1.313468
-1.103470
0.081759
0.511815
-1.483733
-0.011407
1.803469
0.257765
-1.510742
-1.047677
0.142509
-0.090116
0.996679
0.184284
-0.225886
-0.436371
0.513929
-0.104518
-0.472500
0.655977
-0.195774
1.057118
0.199746
0.411562
-0.635263
1.873254
0.775957
0.691466
-0.462766
0.313686
-0.088962
1.190794
0.325325
-1.099417
-0.258431
-1.292786
-0.165963
-0.899905
0.109417
-0.322667
-1.562661
0.763855
-1.185649
-1.522863
2.334381
1.661868
-0.905920
0.003857
-0.770757
0.380734
0.671608
-0.664368
-0.405972
-0.731481
-1.901162
-1.208892
0.225577
-1.123276
-0.902198
-0.242204
1.144465
0.604920
-0.754769
1.305912
2.442781
-0.264387
1.818137
1.379888
-1.545204
-0.872204
0.383764
0.347078
-0.735546
0.658274
0.458018
-0.840419
0.059367
-1.115741
0.268346
0.889077
0.346813
0.890606
0.640852
0.182369
-0.983479
-0.863683
-0.751961
0.729462
-0.804941
-0.831687
0.576582
-0.034715
-1.282848
-0.377877
1.365619
0.783410
0.514795
-1.399913
0.211057
-0.462220
0.008770
-0.698774
0.933374
-1.033515
0.870279
0.232126
1.995671
-0.475002
0.765149
-0.562838
2.111115
0.458778
0.608013
-0.307588
0.693687
2.394997
0.315919
1.180673
-0.416779
-0.356170
-0.764537
-1.145823
-0.588103
-2.538627
-0.167893
-1.629602
0.874199
-1.309185
2.055005
0.179942
-0.234616
-1.741159
-1.791328
0.488763
1.575051
0.693807
-1.236536
-0.647990
-0.403687
-0.878711
-2.072862
0.117450
-0.471023
-1.421131
-1.740485
-0.235054
0.713092
0.293259
-0.882598
0.726250
0.277592
0.633154
1.258308
0.216910
0.593212
-0.915282
-1.428172
0.869500
-0.337774
1.304353
0.248788
1.486245
1.146764
0.490395
-1.001893
0.697441
-1.688543
-0.342741
-1.078106
0.664043
-0.936344
-0.602104
0.650022
-1.023130
0.809100
0.602836
1.333326
-0.541418
-3.020743
-1.463481
2.586029
-0.046476
-1.116999
0.534307
-1.858047
-1.122984
-0.029000
0.054099
-0.815106
-1.033503
1.268210
-1.548468
0.612208
0.111890
0.033315
-0.877553
1.574603
0.164260
-0.123524
-0.463633
1.413574
-0.274678
0.626343
-1.702947
-1.385921
0.139884
1.184080
-0.489264
-1.076215
-0.928209
-1.046543
0.966712
0.288483
0.814627
-0.332984
-0.327719
-1.097265
0.078717
0.477654
0.221741
-1.421994
0.449386
1.070219
-1.928181
-0.066354
0.758893
-0.680248
-0.330428
-0.440931
-0.519132
0.466619
-0.093136
-0.625516
0.886454
-0.530217
0.233373
-0.339588
-0.119242
-0.044217
-0.624747
3.349121
0.315678
1.027122
-1.110270
-1.411484
-0.136177
1.181119
0.837878
-0.525329
2.004684
0.097842
-0.347532
-2.028124
-0.494151
-1.497949
-0.179183
0.346129
0.975041
0.718567
-1.042112
-0.884879
0.348070
-1.077486
0.236442
0.145748
-1.385963
-0.069713
0.155721
-0.160251
0.727426
-0.399477
0.628033
-1.152068
-1.054668
-0.782784
-1.270412
1.969808
-0.811580
-0.052541
-0.568246
0.079785
2.678008
1.160517
-0.080642
-0.734887
1.071740
0.828639
0.264203
0.272776
-0.027444
0.926950
-0.651840
0.558853
0.072170
0.190262
1.136339
-1.192950
-0.608357
0.463329
0.392699
-1.641551
0.223488
-0.030734
1.998601
1.117702
1.016598
1.281606
-1.261065
0.534109
1.722059
-2.312247
0.398594
-0.187317
0.251999
-1.020358
-0.453036
0.829819
-0.924308
-0.015002
-1.327341
-0.569200
1.073385
-1.149364
-1.595587
-0.730136
0.457443
-2.290970
0.344896
-1.822135
-1.687822
-1.071145
0.455843
1.015343
-0.912736
0.801941
-0.211230
-0.261252
0.761861
-0.542881
-0.629948
0.066123
1.183604
-0.532955
0.030767
0.305635
1.112266
-0.553872
1.531953
0.961745
-0.339900
-2.482579
-0.158022
0.763522
-0.401813
-0.883110
-1.471565
-0.377882
-0.907412
-0.097438
1.405176
-0.442300
1.191909
-0.744708
1.804861
-0.983595
-0.819824
2.115550
1.254095
0.256635
-1.286130
-0.715737
-1.514720
0.265605
-0.047059
0.635710
1.051626
0.136551
0.813682
-1.094968
1.214756
-1.185186
0.314172
0.202957
-0.281450
-1.886070
-0.196230
1.668443
-1.851712
0.863190
0.728955
1.252957
1.628164
-2.001400
-1.464987
0.262881
0.329934
-0.619823
0.995240
-0.510294
1.845962
0.198354
0.593992
0.281167
-1.130808
0.261481
0.907043
1.823830
0.313480
1.210507
-0.757744
0.394220
0.464394
0.267195
-0.065483
0.735375
-0.461067
-0.568439
-0.250895
-0.061505
0.851717
0.812032
-2.077786
0.764894
0.308218
-1.326658
-0.399108
-1.066534
-1.583397
0.844701
-0.600677
0.566195
-0.171815
-0.531107
0.660204
-0.295725
-0.074181
0.970873
0.173115
-1.964439
0.418158
0.432495
-0.779635
-0.180056
0.013982
0.867846
-1.084687
-0.512954
-1.049259
-1.897921
1.538144
1.096009
-1.096787
-0.884102
-0.601114
0.320417
-0.695464
0.986508
3.220679
0.132930
-1.943728
-0.259719
-0.135935
1.256057
-0.183066
0.708212
0.078055
1.399972
-1.426909
1.326975
0.284182
-1.520964
-0.772548
-0.259388
-1.145038
-0.874655
0.428135
1.427094
-0.617732
0.252338
0.295989
-0.091293
0.547456
1.596840
-0.806713
-1.512167
-0.287138
0.211316
0.471538
-0.174408
-1.079422
-0.322741
-0.070759
-0.995831
0.153075
-1.389891
0.697672
0.131770
1.417331
2.006961
0.624478
0.860993
0.814648
-0.524689
0.111922
0.039126
-0.827930
-0.163113
-0.434697
-0.615267
1.900910
0.338659
1.870813
-0.124306
1.428179
-0.618246
1.547311
-0.124217
0.443835
-1.207925
-0.884670
0.338211
-0.492737
1.620393
2.098488
0.011630
0.231131
2.487362
0.367438
1.096732
1.257995
-0.649713
-0.457225
0.648004
0.559224
0.219110
-0.488602
0.803227
1.497087
0.802074
0.240658
0.077508
-0.854492
-0.482782
-0.258984
-0.653519
-1.834934
2.568381
0.187107
-0.552067
-0.663377
0.873259
0.691699
0.733942
-0.474614
-2.626154
-1.697515
0.899861
0.189980
-0.847043
0.670540
-0.134614
1.009501
-0.906128
-1.847768
-0.193638
0.145740
-0.838625
1.736342
1.203820
-1.087004
-1.121331
0.479707
-0.459152
0.633058
-2.249859
0.294355
-1.874418
0.670376
-0.015588
1.445720
0.522530
-1.537695
-0.722576
1.391577
-0.929524
0.617162
0.548207
-0.763048
0.053833
1.708960
0.669046
-2.415205
0.623367
0.610567
-1.392704
0.370228
0.569037
-0.489496
1.036014
0.845435
0.082553
-0.280640
-0.179821
1.460672
-1.228714
-0.526559
0.885064
-0.050667
2.223737
-1.446731
0.832821
-0.626025
2.022093
-0.620014
3.116349
-1.000483
0.381743
0.083627
-0.993630
-0.346113
-0.695870
-0.870133
1.320306
-0.815892
-0.927917
0.464699
0.045045
-0.547766
0.970332
-0.585297
0.186333
-0.205828
0.073596
-1.297778
0.876077
-1.546142
-0.578613
0.755116
-0.646988
-1.331512
0.085713
-1.036248
-1.094083
-0.811963
-0.792791
-0.136449
0.950604
-2.330711
-2.122018
-0.079188
0.820156
1.695120
0.846408
1.377068
-1.486527
0.490834
0.526440
0.459192
1.019986
0.950881
-0.771907
0.587389
-0.363193
-0.989189
-0.742722
-0.283372
-0.447728
1.054662
-1.543362
-0.223517
-0.427351
-0.521942
-1.349015
-1.203246
-0.119041
0.141123
0.600347
-0.887974
2.106776
1.234960
-0.400718
0.431945
-0.940701
0.808660
-0.121039
-0.261234
0.414912
1.466907
-0.147976
-0.392457
0.069515
0.029538
-0.341189
0.489309
1.388686
0.637276
1.349367
1.772775
-1.337227
-0.273849
0.699375
-2.395302
0.480893
1.477034
0.335151
-0.482824
-0.293678
-0.562815
-2.724850
-0.814215
-0.948855
-0.068091
-1.548717
-0.235874
-0.200692
0.169623
1.148590
-0.658972
-1.926837
-1.420644
1.231218
0.398654
-0.694689
0.229625
-0.225454
-1.380939
-0.748061
1.929255
0.990050
0.753205
0.232539
-0.076506
0.595462
2.495180
-1.011207
0.072449
-0.849863
-0.134071
-0.374838
0.597681
-0.026146
-0.114246
-0.247925
0.407515
-1.978941
-0.430373
-1.129613
1.280781
0.523663
1.907507
-0.705675
0.563276
-1.199254
0.959562
-1.475229
-0.334400
0.430978
-2.171952
0.985463
-0.299208
-0.260367
-0.341068
0.137601
-0.606869
0.263981
-1.094624
-0.592877
-0.767473
2.626145
-0.691307
0.803247
0.300882
-0.041951
0.422871
0.349787
1.122281
0.925271
-0.711491
-0.399279
0.388375
-1.062751
1.338793
0.769189
0.136133
3.132200
-1.955783
0.265095
0.266401
-1.048531
1.424822
0.247747
0.285604
-0.432299
0.469519
-0.085147
-0.625904
0.680501
-1.372702
2.042925
1.299242
-1.489204
-0.032324
0.583269
-0.989503
0.375808
0.082143
-0.907055
-1.487004
0.641691
1.210504
2.029676
0.690152
1.237561
0.415538
-0.630454
0.877942
0.355045
2.125595
-2.061183
-0.281286
0.060523
0.347407
-0.084047
1.099043
0.748322
0.820476
-0.652085
2.036874
-0.848874
0.979858
-0.435257
0.462204
1.085858
-0.534375
-0.706327
2.006064
0.914184
-2.441352
-1.519279
-0.979613
-1.340395
0.693508
-0.247372
-0.887914
0.143165
0.784081
-1.052112
0.699500
-0.864307
-0.625964
-0.413012
-1.377615
-1.172673
-0.098866
-0.152646
-0.304603
-0.404086
-0.454281
-1.499434
-0.073714
-1.016751
1.038589
0.004484
-1.914504
-0.807228
0.404790
-0.253179
1.020321
-0.694913
-0.366020
0.583002
-0.379452
-0.575460
0.833189
0.288280
-1.589505
0.318837
-0.679861
-0.280162
1.166129
0.198104
-1.622195
-0.933013
0.336003
-2.731853
0.030788
0.213125
1.452244
-1.870969
0.608250
0.416232
-0.219021
1.079624
0.403057
0.659812
-0.821981
0.304412
0.169949
-0.491184
2.427773
1.223435
-0.967907
0.604053
-0.172094
1.147767
0.747493
0.272669
1.822964
0.744802
0.353650
1.670960
-1.128752
-0.751331
1.305828
-0.333198
0.477171
-1.667345
0.819153
0.904599
-0.646427
0.034654
0.991440
-0.753818
0.205251
0.146379
0.423191
-0.314997
0.997009
0.938365
-2.502888
1.147528
-0.542086
1.239533
0.193581
0.291514
1.044237
1.368444
-0.622076
-0.354884
-1.334418
0.431991
0.025757
1.131897
0.930661
-0.110922
-0.771778
-0.584149
-1.733753
-0.858226
-0.179638
0.164514
1.313774
0.780133
-0.713553
0.621681
0.443756
0.671802
-1.202766
-1.238996
-0.106283
-0.495984
0.760721
0.404237
0.692456
1.189701
-0.153339
-0.630358
-1.329196
1.115619
0.121836
-0.207954
1.302522
-0.044191
0.828474
0.036621
0.138153
0.601439
-1.556588
0.244240
-0.988502
0.346512
-0.048556
0.830277
1.473662
0.870926
1.585471
-0.389676
0.034445
-1.179388
-0.125316
-0.184710
-0.211568
0.189409
-0.414950
-1.651425
0.517501
-1.322356
0.524095
0.696675
0.020129
-0.058752
0.402878
-0.349760
0.057783
0.971761
-0.149175
1.574703
-2.549076
1.393640
-0.038666
-0.643963
-0.711044
0.600375
0.789316
-1.384231
-0.748270
-0.483633
-0.217955
-1.036632
0.355413
0.777875
-0.645277
0.161917
1.287436
0.886098
1.874600
-0.934535
0.658863
0.384550
0.740091
-0.629133
-0.932845
-0.299819
0.758616
0.686530
-0.478749
-1.481449
0.919298
0.502724
0.815356
0.371955
0.015569
-1.429440
0.800801
-0.541592
-0.516277
-0.630477
-1.778331
-0.560204
0.183266
-0.395351
-0.699819
-0.236195
-0.809414
0.524399
-0.336407
-0.298499
0.411176
2.142023
0.474804
1.169965
-0.361265
-1.118667
0.233168
-0.223221
-0.265006
0.138295
-2.082494
-0.896242
0.152286
-0.553905
-0.189447
-0.439927
0.231704
1.204627
0.980925
0.246615
-1.139745
0.908235
0.786739
-1.262939
1.045393
-0.679350
-0.457907
-1.707913
0.948400
-0.258952
0.044250
-0.718659
0.026519
0.424193
-1.492168
-2.080443
-0.642113
-0.486809
0.924669
0.534388
-1.858456
0.199347
0.268095
-1.085016
-0.276282
-0.330077
-2.226096
-0.401285
-0.013773
0.580183
0.864186
-1.122849
0.853743
0.662100
-1.258076
-1.791712
-0.374971
1.830776
-1.073247
-0.368058
0.130089
0.765893
-0.647042
-1.024612
-0.665870
-0.585391
1.247196
-0.043281
-1.422777
-0.810481
-0.059295
-0.445137
1.240799
1.297503
0.715440
-0.876529
2.121648
0.889512
0.311832
1.314892
1.865854
-1.380686
0.920028
-0.490642
0.676112
0.752049
-0.727169
0.743329
0.327903
1.502395
-0.914077
-0.149925
-0.478183
0.297201
1.198469
-0.368224
0.066833
1.906605
-1.145913
0.638290
1.287797
1.725187
-0.875072
0.141479
-1.189175
1.473722
0.097669
-0.377855
-0.448131
1.928364
1.545643
0.131184
0.028333
-1.475691
-1.752472
-0.731687
0.873111
-0.244383
0.477030
0.567936
1.126989
0.437652
-0.813714
0.931526
-0.429083
1.102476
-0.595662
-0.348458
-0.791154
-1.400217
1.691585
1.195191
-0.070056
-1.945729
-0.628405
-0.205614
0.748620
0.292632
-0.209712
-1.218473
-0.322793
-0.559240
1.211422
-1.898934
-0.472228
3.245542
0.999171
-0.417034
0.652393
-0.208137
0.427950
0.749148
1.185506
1.399631
-1.065785
0.915608
-2.858956
1.269757
-0.968207
-1.152234
-0.334842
-0.867503
-0.698605
-0.440337
-0.710113
0.812644
-0.107762
1.051098
-0.664927
0.502908
0.451826
-0.145896
-0.334951
0.568961
0.000613
0.183139
-0.417717
0.034645
2.076698
-2.013401
0.252566
-1.030222
0.273587
0.763385
-0.166187
-0.113999
0.022293
-0.006994
-0.843478
0.708036
0.573523
0.001462
0.159587
-3.079262
0.625249
-0.812888
-0.418308
-0.688946
-0.432647
0.097165
-2.573233
-1.159531
-1.731834
0.081314
0.386181
0.922660
-0.106272
1.594446
1.047456
0.219189
-0.162797
0.960071
0.116855
-0.772156
1.055862
-1.251545
0.785130
-0.437915
-1.241789
0.234462
1.548321
0.281099
0.679330
-1.008873
-0.630647
-0.060543
1.273099
-0.157942
1.110554
0.336900
0.034822
-1.297978
-0.940614
1.923946
0.411734
1.642262
1.903306
0.024711
0.160878
1.554020
0.053076
0.889617
-0.353046
0.491565
0.005408
-0.613660
1.479917
-0.309978
0.940910
-0.992079
-0.893271
-0.231198
-0.585174
-0.925718
-0.945822
-0.476026
1.617949
1.151966
-0.629509
0.310071
0.681320
-0.539569
-2.312045
-0.695191
0.822554
-0.385976
0.486959
0.102120
-0.006270
0.363286
-0.569550
1.259381
0.895819
-1.276535
1.166423
1.039614
0.002427
0.988236
0.508542
-0.687941
0.528889
-1.392692
0.581342
0.415143
-1.396166
1.122146
-0.196314
0.253441
0.364450
2.108320
-0.752824
-0.025846
-0.354106
-0.182228
1.211447
-0.279290
-0.005821
-0.748322
-0.023195
-0.001765
0.659947
0.411387
0.659208
-0.898331
0.255761
-1.161545
-1.267302
-0.492400
2.239980
-2.082933
0.363176
0.563563
-1.172971
0.687965
-0.329898
-0.995124
-1.369558
0.525307
1.155345
-0.370200
0.271335
-0.087442
0.766230
-0.125449
-0.071100
1.601679
0.289491
-0.363867
-1.026516
-0.161358
0.530865
0.461491
1.047924
0.838554
1.904109
1.117567
-0.687593
1.055988
0.605783
-0.981274
0.691151
-1.104278
-0.286106
-0.393893
0.138967
-0.342610
-2.241240
-0.581656
0.537388
0.526014
0.668323
-0.450307
1.182291
1.457182
0.172544
-0.842508
0.344291
-0.269374
0.586215
-1.889604
2.020250
1.145867
1.248886
0.947190
1.048314
-0.329185
-0.506474
0.469055
0.829958
-1.645620
0.598462
-0.236659
1.763497
-0.413158
0.422676
0.569393
-2.329977
-0.343517
-1.092444
-0.035780
-1.365414
2.106328
0.993096
0.320258
-0.621548
-1.533810
-0.166097
-0.320455
1.736107
1.793925
-1.676692
0.468980
-0.251245
-0.866913
0.301269
-1.794062
-0.238665
0.241292
-0.451445
0.815482
1.395887
-1.231663
-0.608900
-0.190610
1.464688
-0.716114
1.387551
0.430778
0.756321
0.057767
0.643684
1.557634
1.106361
0.050860
-0.730247
-0.858774
-1.684993
-1.491405
0.551231
0.852887
0.445006
0.978135
0.320577
-1.177561
0.308720
-0.523853
-0.661338
1.214218
1.169092
1.054299
-0.072215
-0.191814
-0.492559
-1.791017
0.144611
-0.666144
0.926683
-1.127339
0.279145
0.122464
0.695893
-2.069581
-0.983664
-0.146766
-0.953113
1.060798
0.473150
-0.544862
0.331661
-0.122870
0.692618
0.069739
0.335698
-0.240238
-0.249482
0.013086
-1.002047
1.514162
0.054309
-0.784236
-0.390033
0.132606
0.586638
0.433788
0.065266
-1.230807
0.284514
0.303094
-1.980234
0.887042
2.327165
-0.429911
0.475344
-0.955586
-0.149646
-1.370237
-0.961065
1.071066
-0.822582
-1.168270
-1.119624
-1.676615
1.136612
-1.209208
0.601997
-0.512695
-0.480659
-1.612024
0.491693
-1.076709
1.794834
1.089404
-1.008771
0.306717
2.707418
-0.606635
1.238751
1.933480
-0.959378
-0.296111
0.795860
1.370640
-0.594637
-1.148314
-1.216909
-1.040151
0.384827
1.130628
-0.188247
0.389556
1.620767
-1.077945
-1.051855
-0.022321
0.878037
0.146849
-0.835851
0.362122
-0.315434
-1.127542
-0.373305
-2.410373
-0.782359
-1.096486
0.119720
1.520077
-0.451127
0.880282
0.185149
-1.326183
0.911468
-0.048918
-0.670011
-1.767507
-0.758928
-0.274071
1.751865
0.351148
-0.345078
0.346188
-1.051427
-0.765406
1.569067
0.995030
-2.313124
0.303727
0.215078
0.574620
-0.943647
-0.345699
-1.953221
0.117945
0.951224
-0.128586
0.161562
-0.232840
0.343058
0.884910
2.140591
1.182086
0.867336
0.967307
0.373477
-0.977588
1.230105
-0.318647
1.324894
-0.659101
-2.284546
1.318988
-0.022688
-1.614815
1.218996
-1.235044
-0.406900
-0.552147
1.256270
-1.162710
0.229695
1.251417
0.590864
0.978890
1.206464
0.609314
0.869544
-1.784508
-0.678146
-0.123770
-0.849312
0.962202
0.300627
-0.809709
0.509587
-0.249165
0.568582
-0.689776
-1.189024
-0.047868
-0.138472
0.368295
-1.399330
-0.856176
-0.729787
1.533716
-0.667974
-0.421225
-0.572657
-0.474341
0.877589
-0.357903
-0.378204
-0.899493
-1.949098
-0.777022
0.520858
0.354494
-1.252551
0.587561
0.483394
-0.943239
-0.280498
1.368533
-0.231399
-0.927818
0.344516
-1.878436
0.251406
0.575418
-0.644088
-0.875681
-1.485925
-0.346242
-0.454952
0.095105
1.009597
1.102851
0.887970
0.962369
-0.764674
0.114913
1.096252
-1.442089
0.875984
0.536746
0.745295
1.105364
0.842805
-1.045484
-0.754312
1.534582
-0.384356
-1.991729
0.319666
0.531900
-1.111697
0.853285
1.179600
-0.916907
1.924363
-0.192226
0.629428
-0.028651
0.139317
-1.591471
-1.055301
0.752264
-1.150111
0.075929
0.576626
-0.704748
0.029420
1.231226
1.747663
-0.643247
2.851800
1.194193
-0.113947
-0.004537
0.259227
-1.812970
-0.336994
0.902831
-0.376573
0.487779
0.107310
-0.309720
1.221874
-0.555791
0.183871
2.397967
1.714494
1.304914
0.502922
0.228992
0.645877
0.839375
-0.791886
0.398950
-0.553133
0.084908
-1.079099
1.382163
-0.252452
-0.838562
0.043181
-0.417992
-0.240172
0.171501
0.378588
0.891292
0.104317
-0.763465
-1.133963
0.629953
-0.253465
-0.113903
-0.134833
-1.087948
3.719732
-0.211683
-0.582824
-0.672779
2.179153
0.122933
2.130111
0.768406
-0.489409
-0.495874
0.397039
-1.534679
1.763073
0.457698
0.437593
-0.706643
-0.399436
2.837832
-0.658158
-0.085936
1.297352
-1.018656
1.011959
1.113025
0.936506
-1.509003
-0.296225
1.721708
1.171556
0.661238
-1.859035
-1.258304
0.332756
-1.482656
1.087731
1.038090
0.003890
0.897996
0.063699
-2.122291
-0.423157
0.071486
0.669258
-0.047597
0.272549
1.762200
0.219323
-1.140088
0.438371
0.267068
0.211615
0.351906
0.298291
0.113745
0.526925
-0.700778
-0.671421
-0.153576
-0.966467
-0.391593
-1.005037
1.291478
0.471901
0.399298
-0.774510
-2.025653
0.720749
-1.367556
-0.068026
0.016618
0.784061
0.711711
1.259411
-2.049825
-1.022111
-0.302116
-0.101278
0.738085
0.927208
0.814775
-0.786674
0.224422
-1.372225
0.175388
-0.054027
0.026563
-1.495269
-0.643886
0.656773
-0.604861
-0.279453
1.653026
0.208198
1.640801
-2.738785
-0.316293
0.142256
0.432724
-0.395188
-0.778188
-0.088141
0.456415
0.900330
1.251814
1.098350
1.372780
-0.602373
0.133069
-0.049122
-0.470019
0.030057
-2.869797
0.155506
0.081063
1.172919
-1.134148
-0.737726
1.173267
0.150243
-0.568289
0.048365
-0.044543
-0.708023
0.702894
-0.378766
-1.103347
-2.021715
2.244556
-0.278156
0.511262
-0.042814
1.490241
0.131873
0.302311
0.098762
-1.396961
0.029428
0.141300
-0.436946
0.296388
-2.378852
0.585549
-1.317451
-1.518882
1.311858
1.182335
-0.906485
1.643164
1.311077
0.696150
0.530350
0.190263
-0.326140
-0.018342
-1.439315
-0.862009
0.458833
0.983533
-0.189005
1.271936
-0.446386
1.688596
-0.351632
-0.065433
-0.351785
0.783803
0.523925
-0.019074
-0.639614
0.073595
-0.445481
-0.181222
0.905609
0.810937
1.013724
-0.972412
-0.684724
1.140488
-0.486951
0.930244
-0.794438
1.922623
1.020065
0.833290
-1.153852
1.785283
-3.153898
-0.492551
-1.477922
0.968275
-0.692980
1.652146
-1.778177
-0.125988
-0.217976
0.925612
-0.222623
-0.042535
-1.050920
0.700848
-1.791880
0.203726
0.020835
0.250973
1.666067
-1.220651
-0.481453
-0.073904
-0.136018
1.244998
1.605611
0.199259
0.553643
-0.546177
-0.432145
-1.793411
1.799314
0.777458
-0.151036
1.595244
-0.912512
0.817614
-0.646664
-0.293641
0.848901
0.117468
-1.265958
1.513693
-0.641339
1.200477
-1.412191
-1.230820
0.349736
-0.775071
0.157511
0.573580
1.463039
0.263761
-0.765875
-1.126924
0.367709
0.577358
0.663047
0.138533
-0.745333
1.630071
-0.305483
-1.004137
0.481066
-0.162305
-0.029367
2.064347
1.371915
0.453965
-0.627573
-1.223516
0.385486
-0.044716
-0.738276
1.179337
-1.346725
1.969059
-0.475417
1.087043
-0.405918
-0.329382
-0.938884
0.791810
-1.143455
0.444480
-0.172394
-1.111675
1.098999
0.267850
0.289657
0.349203
0.555062
0.423711
-0.841079
-1.999685
-0.672794
-1.566625
0.343139
-0.772950
-0.445548
-1.174810
0.702058
0.288586
-0.379473
-0.174574
0.148695
-1.093022
-0.590645
-0.517196
0.023373
-0.585134
1.726126
0.108772
-0.424439
-0.708499
0.564339
-0.421855
-0.555728
-0.527086
-1.860307
1.312847
0.418969
1.174242
1.330204
1.495543
0.392912
0.913388
-2.218852
1.638429
-0.119819
-0.986167
0.993104
-0.063852
-0.882962
0.063455
-0.076132
0.080654
0.023770
-0.154459
-1.400827
-0.059442
0.146031
-0.528003
-1.383342
0.063023
1.476067
0.262114
0.088865
-0.942232
0.829977
-0.643202
-0.221590
-0.992797
0.182980
0.517579
1.528480
1.540715
-0.634185
0.730299
0.348113
-0.817189
0.063954
1.084207
-1.123371
-0.629518
-0.603977
0.581222
-0.815806
0.756363
-0.728964
-2.470308
0.476412
0.640657
0.797883
0.286457
-0.955384
-1.002534
-0.164350
1.195675
-0.286282
0.728579
-0.476084
0.037522
-0.665600
1.197207
-0.406807
-0.089419
-0.054838
-0.580748
-0.071279
1.394032
0.160408
-0.673562
-0.485675
0.504315
0.113805
-1.122234
-1.675788
0.465655
0.071491
0.530292
0.229549
-0.520591
-0.245041
-0.627487
-0.240420
0.003927
-0.096431
-2.362172
-1.106977
-0.522493
1.671939
-0.219549
0.576209
-1.483245
1.377932
-0.046316
-1.332079
-0.867571
-1.010774
-0.333931
-1.311638
-0.839820
-0.992319
-0.595514
-0.782708
0.500307
0.600673
1.398641
-0.310789
-0.064299
0.391775
0.392854
-1.286884
-0.945824
-1.736317
-1.862873
-0.375267
0.431717
-0.052177
-1.037992
-1.517599
0.565184
0.495252
0.580552
-0.458078
-0.434781
0.772119
-0.882103
0.812159
1.386508
-0.584730
-0.888808
-0.530569
-1.275157
2.108619
-0.283619
-0.737480
-0.481804
1.940100
-0.581038
-0.915491
-0.224145
-1.111786
0.052402
-0.532112
1.966437
-0.740142
-1.026667
0.110397
0.525750
0.056396
0.223039
-1.415153
-0.009528
-0.771564
0.473891
0.223224
-1.153386
-0.930905
0.686585
0.185743
-0.248377
-0.664000
-2.747114
1.184760
1.129606
0.920504
-0.258759
0.810508
0.018201
0.598700
-1.033094
-0.042555
1.468005
0.920840
-1.365766
0.778149
0.078302
1.492965
-0.938494
0.383456
-1.226543
-1.663649
-0.956238
0.435355
-0.409381
1.792416
0.406113
0.152139
0.013641
2.129374
0.333353
-0.407839
0.372369
-0.705867
-0.499432
0.432103
0.460259
0.738695
-1.109284
-1.824877
0.208080
1.058377
-0.289854
1.079321
0.015783
-0.060025
-0.806536
0.607608
-0.194676
-0.553252
-0.862569
-0.703548
-1.396800
0.959598
-2.196995
1.329247
0.546131
-0.054319
1.314879
1.043441
-0.980815
-1.156951
2.079846
1.293488
0.908585
0.782827
-0.817051
1.010845
0.320376
0.527530
0.330865
-0.462355
0.514481
-1.548256
0.022031
0.462688
-0.900954
0.445574
0.745765
0.900297
0.563062
-0.040860
1.146559
0.507587
-0.361572
-1.833305
0.722121
1.578096
0.193030
-1.006893
-0.136542
0.513769
-1.225491
1.303379
-1.220783
-1.555357
-1.651032
-1.424501
1.344296
-0.470258
-0.456028
-0.268004
0.826569
-1.685000
-1.919106
1.717450
1.837852
-1.806418
-1.401543
0.008941
0.294898
1.175926
-1.188418
0.351796
0.771066
0.991658
0.665469
-1.107825
-0.033654
0.328825
1.818108
-0.761581
-0.301052
-0.116072
-0.394953
-0.089509
-0.750883
-0.386708
-0.371686
-1.299756
-1.081885
-0.356773
0.439339
-0.669656
-0.166803
0.728476
0.641214
-0.908584
0.296986
0.263411
0.933068
0.217268
0.032395
0.675964
1.397514
-0.415244
-0.438362
0.140066
0.127225
-0.831384
0.093535
0.718487
1.769099
-0.609499
-0.837945
-0.120540
-0.945550
0.756319
1.767590
-1.726901
-0.203478
-1.083263
0.163874
-1.449552
0.564372
-0.011065
-1.239219
-0.167856
0.730083
-0.739095
0.019497
-1.944238
-0.259294
1.222227
-0.600370
-1.310923
-0.943536
0.392903
-0.064154
0.699727
-1.404633
-0.527222
0.233005
1.032341
-0.023144
0.626901
-1.049547
0.382538
-0.967318
2.049066
-2.091955
0.892003
-0.832268
1.890345
-0.434562
1.579668
-2.111474
0.282906
0.564598
-0.469262
0.403726
-1.483891
-0.684810
0.610794
1.723052
1.098960
-1.106484
1.611512
-1.668624
1.583900
-0.407913
0.582323
0.506957
-0.078246
-0.320860
0.853245
0.288800
-0.560412
-0.710297
-0.795364
0.209307
-0.797229
1.286584
-1.020898
-0.705365
-1.093027
0.147883
0.530392
-0.973647
2.048415
-0.004298
0.121598
-1.033685
1.009075
-0.077528
1.057715
1.941243
-0.816675
-0.168121
-0.280400
-0.165223
0.491464
-0.159014
-0.240695
0.274557
-0.569204
-0.051296
0.883276
1.627489
1.993941
-1.543676
-0.980945
0.667916
-0.429167
-0.467308
2.338845
1.340090
-0.363567
-1.414751
-0.298013
1.302508
1.439340
0.332234
2.243455
0.388128
1.304948
-0.215652
0.303586
-0.160497
-0.080854
0.178844
1.487506
-0.059013
0.630743
0.095424
-0.469389
0.580526
-1.578110
-0.532855
-1.050332
-0.971163
0.619676
0.124404
1.480650
0.537245
-1.466550
-1.511465
0.520466
0.471268
0.223356
0.066745
-1.913064
-1.593128
1.424302
-0.626775
-0.070270
1.071994
1.287218
-0.519803
1.088015
-0.432414
1.504054
-0.087589
0.656799
-0.690314
-0.788625
0.439431
0.708158
0.672619
0.903991
0.593148
1.611696
-1.225504
-2.122097
1.092590
0.555978
-0.184833
-1.896214
0.965801
0.230074
0.409491
0.743006
1.678253
-0.066083
-2.378989
0.735195
-1.083764
0.219465
0.732629
-1.232475
0.215621
-0.951117
-0.061198
2.800271
-0.954031
1.592429
0.824925
-0.008322
0.002192
2.711538
-0.196628
0.080128
-0.697638
0.856894
1.440415
-0.250060
0.593663
-0.617112
-0.005452
-0.578154
-0.585682
1.537302
0.064538
-0.700736
-0.031298
0.353386
-0.027911
0.014329
-0.629541
0.502886
1.160253
-0.632256
0.171548
-0.547291
0.226645
0.149409
0.041420
-1.875574
0.620893
-1.890332
-0.498319
-0.879689
-0.217461
0.122585
1.818508
-0.185720
-0.202159
2.420896
-0.134247
-1.065318
-0.476653
-0.059821
-0.064711
0.599671
-1.012635
0.655006
-0.804298
0.798218
0.322404
0.449386
0.030164
0.441139
0.550659
-0.493166
-0.110082
-1.933575
-0.304149
-1.834507
-1.259572
0.952412
-0.097902
1.993970
0.214529
-1.980709
0.744531
-0.507161
-0.762864
0.588453
-0.143643
0.088822
-1.070117
-0.195794
-0.805730
-0.432279
-0.411334
-0.314727
0.173905
0.060698
0.628216
-0.242140
-0.611637
-0.270623
-0.482374
0.999367
0.402049
-0.065793
1.269808
-0.780040
-0.029903
0.709599
0.946443
0.031324
-0.641525
-0.290267
-0.103755
-0.066784
-0.779043
-0.570409
1.482016
0.149185
-0.113638
-1.757733
-0.756341
3.039088
-0.153842
-1.599521
1.317673
0.842959
0.418443
0.865753
0.741490
0.866228
0.320449
-0.739893
-1.355019
-1.049605
-0.324770
-0.096434
-0.049027
-0.194876
2.621618
-0.197151
1.039232
1.009863
-3.362196
-2.684019
-1.375816
-0.123145
-0.271681
1.868680
-0.598046
0.502042
0.742946
-1.097908
-0.296106
1.091260
-1.043619
-2.035158
-1.071335
0.254977
-0.395674
0.478051
0.122030
-0.447324
1.045238
-0.123489
0.567441
1.598458
-0.309341
0.019106
0.256198
-0.334802
-0.110569
-0.651287
1.175320
0.758046
-0.715999
-0.988097
1.042580
0.587414
0.234179
-1.415584
-2.183948
0.931130
-0.728241
0.783804
-1.065312
-1.473039
1.773353
0.160454
-1.095218
0.453418
0.034770
-1.895699
1.347795
-0.003698
2.028675
0.317582
-1.053007
-1.909423
0.650102
0.909095
0.507992
-0.699254
-0.046104
0.613783
-0.331110
0.258785
0.577218
1.229351
0.240649
1.506965
1.846697
-1.179734
-0.992945
1.017555
-0.959364
-2.361639
-0.994514
-0.310018
-0.622134
-1.089102
-0.126396
0.532023
0.992768
-0.556333
1.886171
0.327815
-0.108054
-0.468357
1.972314
-0.638855
0.462205
0.277766
0.682995
0.972129
1.593915
0.584723
1.077450
0.078967
0.340541
0.836769
0.155574
1.939950
0.778576
-0.216573
-0.555243
-1.990147
1.294922
-1.077551
0.434240
1.137912
0.324762
0.129061
-0.019429
-2.003264
-2.041434
1.334986
-1.492677
1.070532
0.952043
0.498079
-0.610199
-0.489373
0.252030
-0.861956
-1.474953
0.745437
1.223665
0.389231
-1.079569
-0.473776
0.405918
1.205817
-1.005557
0.335215
-1.322371
-0.052724
-0.293991
1.158892
-0.322503
0.947419
-0.955778
-0.829591
-0.695508
-0.313904
-0.462522
-0.158687
-0.499635
-0.777598
-0.386308
-0.754656
-0.172925
1.754033
-2.216961
2.697189
-1.668804
-0.840153
0.181568
-0.018140
0.989239
0.157315
0.974796
-0.571809
-0.054530
0.030148
0.743698
-0.237246
-0.828583
-0.610484
1.188463
0.239264
-1.203110
-0.987638
-0.856027
0.407039
-0.585846
1.468379
0.996732
1.276571
1.335754
1.878766
-0.158360
-0.780887
-1.283124
-0.211143
-1.266890
0.551732
-0.011517
-0.717449
0.679864
0.124203
0.377667
-0.632637
-1.716436
-1.667788
-0.732450
0.169353
0.364817
-1.582926
-0.040777
0.934128
0.088395
-0.766958
-1.678918
0.579819
0.352963
2.222629
0.102714
-1.211755
-0.486829
-2.384651
-2.805286
1.032369
-0.769788
-0.888627
-0.231918
-0.793925
0.248393
-1.916398
-1.944212
-1.503298
-0.447327
0.704836
1.033306
-0.607418
-0.074401
-0.375584
1.608343
0.669886
-1.106760
-0.218556
0.064278
-0.515163
2.202670
0.999565
-1.211272
0.402415
-0.236239
-1.110820
1.523600
0.705525
-0.707420
1.022019
-0.779677
0.054150
-0.547012
1.316121
0.404478
0.262801
0.546267
-0.270160
-0.941825
0.898867
0.264021
-0.225400
0.178300
-0.654088
0.310829
-0.404305
-0.769297
1.155499
1.219351
2.181186
-0.101389
0.625649
-0.115310
0.068969
0.098839
-0.430287
0.802591
0.548830
0.890264
0.560106
-0.894294
0.951570
0.885233
-0.314302
0.835435
-0.193672
0.435541
-0.171145
-0.377501
-0.368530
0.485525
0.427044
-0.191173
-0.113153
0.867204
0.222568
0.086967
-0.900713
-0.909990
-0.086955
-0.497589
-1.698576
0.607476
-0.609759
-0.525028
0.535895
-0.118076
-0.862020
-0.694393
-0.325277
-0.120321
0.446672
2.535561
-1.076875
-0.296254
0.059401
0.875998
0.792712
0.084398
1.215738
0.282728
-0.592254
-1.390972
2.477541
1.533240
-0.851971
1.856832
0.540512
0.231516
-0.385121
-0.565427
-0.172665
-0.912866
-0.557267
-0.167740
-0.941708
0.158661
0.335907
0.615599
0.635948
0.584267
0.649422
1.500883
0.420189
0.565648
-0.074231
-0.049354
-1.311222
0.231087
0.343913
-0.413386
0.944963
-0.819870
-0.123407
-0.518955
-0.297014
-0.653368
0.077063
0.164119
0.053631
0.714590
0.063058
-0.678430
0.101808
-0.705838
0.727665
0.137654
-3.131559
-0.253254
-0.745559
1.997167
-1.067309
0.703595
1.145412
-1.099589
-0.146181
0.208010
0.084827
-0.453386
0.445646
0.182377
0.060005
-0.320862
0.132409
-0.215669
0.741226
1.403834
0.775279
1.724894
-0.056858
-0.319984
-0.574876
0.284825
0.901501
0.459829
0.544063
-1.395028
-0.352925
0.291240
0.210764
-0.388225
0.531243
-0.836784
0.239425
0.849469
1.263735
-1.331987
-0.105751
-0.037777
-0.138075
0.997864
-0.354789
-0.453693
-1.341778
0.085046
0.896544
-0.104035
-1.496890
0.598828
-1.129986
0.135570
0.617976
-0.222699
-0.050935
-0.152749
0.124694
0.405048
-1.106646
0.166694
-0.249444
-2.906158
0.492520
0.520622
-0.365178
2.592198
2.023764
-0.398528
-0.270685
0.410542
-1.061092
-0.722014
-1.040886
0.098951
-1.206572
-0.760435
-1.402787
0.062581
0.540933
1.768650
0.044203
-1.931918
0.890405
-1.210444
0.696846
-0.773862
0.312996
1.810805
-0.557941
0.797730
0.092167
-1.252723
-0.431192
0.087268
1.865715
-0.617151
0.133079
-1.443602
-1.666032
0.221711
-0.128946
-0.586408
1.215324
-0.450396
0.720934
0.184323
-0.032664
0.908209
1.670248
-0.197888
-1.691101
-0.128578
-0.183004
0.591978
-0.238262
-0.192409
0.345393
-1.522949
-0.263691
-0.815487
0.714757
1.170713
-0.508056
1.339765
-0.516582
0.742331
1.066126
1.648809
1.188947
-1.910941
0.760965
-2.138560
-0.675336
0.368455
-0.253486
-0.646126
0.190799
-0.710858
1.317031
0.989670
-0.733033
0.340546
0.703969
1.294939
2.859789
-0.886275
-1.325528
0.562786
0.360926
0.931232
-0.213749
-1.046792
-0.141186
0.285833
-0.913210
3.117699
0.313455
-0.184809
2.721360
0.561135
-0.190167
0.710039
0.171578
1.407978
-0.619230
-0.688606
-0.250801
-0.042376
0.856982
0.581511
-1.174863
0.227685
0.047509
-0.477245
-0.190543
-0.526433
0.181702
0.528754
0.071455
0.987317
0.507635
0.907734
-0.756700
-0.588255
0.500426
-1.093522
-0.341866
-0.768833
-2.132990
0.063663
-1.551689
-0.436129
0.050513
0.506517
-1.459125
0.936764
1.505635
-0.563099
-1.318155
-2.228275
-0.840631
-0.346521
-0.341692
0.569318
0.999289
-0.056939
-0.335732
0.223920
1.130694
1.775976
-0.655087
0.158055
-0.529432
1.597430
-0.783976
-0.574117
-0.310355
0.935158
0.381567
0.543783
-0.243528
0.669662
0.079886
-1.350528
-0.578368
-0.334377
0.575713
-0.243353
-0.172878
0.802301
0.823510
-1.005082
-0.182284
-1.130924
0.341509
-1.397572
-0.374810
0.581316
1.183548
-0.036711
-0.021154
-0.964297
-0.217383
0.626205
0.394165
-0.756222
-1.288924
-2.600146
-1.358125
0.041940
-0.299258
-1.436896
0.358928
-0.958275
-0.149908
-0.973706
0.815492
-1.435781
-0.452693
-0.635959
1.231040
-1.509685
-0.037433
-0.140336
0.734330
1.371200
-1.008902
0.931016
0.796609
0.250844
1.176266
0.586601
-0.281321
1.708226
-1.615500
-0.811736
1.179724
-0.562491
0.626095
-0.023723
0.856758
0.306425
-1.421841
-0.325364
-1.178324
-0.035670
-1.263076
-0.750333
0.817550
-0.097294
0.159784
-0.861571
-2.016778
-0.130099
1.218343
3.797186
0.393587
0.228692
0.574050
-0.661640
-1.814685
-1.117967
0.246835
1.035589
0.251082
1.302341
2.035717
0.662236
-0.953521
1.288860
-1.200610
-0.014535
0.921271
-0.892010
0.411068
1.077116
-0.827322
-0.722429
-0.378873
-0.027157
0.299063
-1.662577
-0.665322
0.779040
1.328843
-0.409332
0.847053
0.373502
-0.046917
-1.009350
-0.428956
1.200627
-0.189365
-0.051408
-1.188555
0.090638
0.143110
1.045314
0.180337
2.484843
1.400403
0.621294
-0.574804
-0.754092
0.319069
0.155007
0.045498
1.126187
0.255498
-0.422575
0.682554
-0.962114
0.851612
1.259100
-0.035975
-0.965682
-0.702996
0.182660
1.583430
0.206192
0.363612
0.355860
1.174670
2.189535
1.707896
0.391548
-0.163643
1.589504
-0.908003
-0.492409
2.023017
-0.603832
1.030175
-0.301623
-0.484880
1.154014
-1.378627
-0.152770
0.995108
0.648360
-0.155198
0.179870
0.174383
0.672632
-1.276679
-1.272749
0.059019
0.313031
-0.914125
0.481679
-0.125538
-2.167327
0.871108
-0.186839
2.893081
2.040280
-0.131795
0.609322
-1.061919
0.061353
-0.093397
-1.510411
-0.027826
0.834696
-0.232145
2.229775
0.737772
-0.238669
-1.291001
0.716810
-0.473099
1.078360
0.668303
1.340307
-0.196703
-0.014165
0.747639
-0.340741
-0.545840
-0.087479
0.031953
-0.042873
1.260312
-1.105269
1.154743
-0.217410
-0.162510
0.078960
0.617445
0.657842
1.078602
1.946947
0.030336
-0.702319
-1.357195
0.067473
0.473046
0.056280
-0.490166
0.443040
-0.528623
-0.528341
0.019612
-0.649478
0.246633
-0.656579
-0.742162
-0.057391
0.987920
-1.521323
-0.504073
-1.428614
0.588508
-0.974571
-0.522854
-0.662646
-0.819041
0.068484
-1.406040
0.564924
0.275087
0.540847
1.576790
-0.420502
0.668993
-0.130438
0.879858
-0.320859
-0.459308
0.397864
-0.916275
-1.032477
0.101334
-0.245308
-0.878703
1.001413
1.557476
-1.575000
0.153198
-0.563131
1.590853
2.160076
-0.184279
1.636237
0.284678
-0.290213
0.618514
-0.274238
1.410825
0.779856
0.525720
1.605582
-0.937783
1.297386
-1.053857
-0.196006
0.172842
-0.200212
-0.008185
-1.160409
-0.221389
1.274425
1.207465
-0.106512
-1.352238
-0.611252
-0.128394
-0.749836
1.805422
-0.758300
-1.441376
-0.700163
1.097611
-0.150924
-0.413093
-1.278372
0.892421
1.000601
1.440575
0.569016
-1.178662
0.831267
0.540021
-0.189523
-1.156774
-0.463105
0.414959
2.196603
3.105478
-0.664021
-0.043999
0.297534
-0.634360
1.426727
0.617623
0.246177
-0.931050
-1.751612
0.147063
0.492020
-0.387127
1.292877
-0.475916
0.252500
-0.925232
0.588585
-1.330121
0.293858
0.257278
-2.490701
0.773125
0.743913
0.563126
-0.840749
-0.953150
0.094248
-0.591769
0.716967
-1.555032
-0.216520
-1.641975
-1.119689
0.076937
0.298970
0.571955
0.514851
0.666219
-0.269705
-0.384203
-0.666413
1.589133
-0.363000
0.613156
1.298406
-0.609111
0.613762
0.615371
-0.383073
0.618616
-0.045059
0.124418
-0.195928
0.194672
1.844275
0.734763
-1.174896
0.021638
0.250406
0.093469
-0.551197
-0.295913
-1.347178
-0.909924
-1.854533
-0.419248
0.498145
-0.099272
-1.042179
-0.457125
0.503095
0.714306
-0.768000
-0.817292
-1.247130
0.526789
-0.549939
1.356521
-0.452076
0.671554
-2.401727
-0.237929
1.381748
1.219416
0.708548
0.818222
0.948687
0.643700
-0.750267
0.894666
-0.649775
-1.836634
-0.491654
-0.445261
-0.710680
0.642562
0.538811
0.098694
-0.931745
-1.521999
0.405996
0.353999
-0.042564
-0.429847
-0.864446
-1.049560
-1.701125
1.868548
-0.648177
0.268318
2.086469
0.801220
0.315794
-0.631015
0.025311
0.484071
-1.925027
0.661100
-0.381327
-0.514145
0.999375
0.011004
0.510080
1.599028
-0.123439
-1.764247
-0.511101
1.123621
-0.860558
0.168409
-0.071947
0.472941
0.887435
-0.303060
-0.553381
0.862190
-1.110497
-0.740740
-0.794155
1.594654
-1.144926
1.071353
0.641370
-2.666942
-1.029066
0.232844
0.867158
-0.029172
0.015833
-0.193883
-0.644117
-0.412144
0.426659
0.094319
0.421496
-0.227373
-0.978769
-1.025131
0.074417
0.586265
-0.860528
-0.688937
0.394735
-0.936131
-0.051473
1.141529
0.818232
-0.417991
0.234609
1.130277
-2.918887
-1.663213
-1.839145
-0.288551
-0.004982
-0.285293
0.682777
0.529113
0.001460
1.426569
-0.900366
1.361452
1.086754
0.037770
0.769390
-0.022948
-0.903273
-1.253337
0.148178
-1.642650
0.179020
-0.130868
-0.575010
-0.575429
-0.976164
0.474212
1.076692
-1.403343
0.141516
-0.628785
0.757507
0.035909
-1.285760
0.192972
0.635592
-0.101675
-0.288257
-2.060678
0.496457
-1.141131
0.973950
-0.441438
0.267569
-1.117353
0.863461
-1.327354
-1.613947
-0.983391
-0.353196
-0.252988
-0.526806
-1.276163
-0.737294
-2.098038
-0.990773
0.190929
-1.144977
-0.310449
1.126172
0.164662
1.371539
-0.419110
0.822459
-0.643788
-1.403317
1.313420
-0.660967
-1.464692
-2.842191
-2.375037
0.418650
-0.521912
-0.951781
-0.455522
-0.215921
1.064041
0.233067
-0.538425
0.869695
0.797914
0.758781
0.039123
0.331221
-0.693392
0.109407
-2.677520
0.181876
0.343968
-0.734584
0.380432
-0.173648
0.932223
-1.718427
0.062670
0.391548
0.524030
-1.597158
-2.059371
0.380099
-0.435594
0.859251
-1.090266
0.823842
0.957721
0.714628
1.553133
-1.269321
-1.797117
-0.356369
0.200949
0.553119
1.810131
0.162515
-1.321704
-0.707984
-0.056262
1.706165
2.328497
-2.876042
-1.334069
-0.729757
0.821692
0.346317
-1.003400
-0.944700
-0.323873
1.000336
0.480857
-1.047319
-0.115126
-0.217308
0.061812
0.925495
-1.223542
0.449530
1.545100
1.047056
-0.214674
-0.317777
-0.049610
0.174343
-0.949933
0.543072
0.794109
-0.814800
-1.685109
0.408711
-0.527894
0.615180
-0.216116
-2.928853
-0.722940
-0.452492
-0.246382
2.335926
0.892117
-0.084656
-1.243308
0.776017
-0.319344
-0.221559
-1.587435
0.265667
0.455544
-0.826898
-0.087766
-0.939324
-0.882531
0.585730
-2.145870
-1.457122
0.360263
0.060476
1.431584
0.031147
-0.706666
1.201619
-1.965673
-0.187447
-0.790353
-0.559061
1.387061
-1.487221
-0.798703
-0.622925
0.100658
-0.404553
0.624860
1.986162
1.764287
0.882717
0.612105
-0.169679
0.623314
0.054107
0.125415
0.004102
0.814947
-0.281344
0.796138
-0.342025
0.340084
-0.391264
1.664780
-1.238302
0.022945
-1.250950
-1.355396
1.145497
1.255433
-0.608065
0.366400
-1.128547
0.079476
-0.490362
-0.088459
0.269117
0.375024
1.371235
-0.170730
0.777777
0.567911
0.686519
0.702788
-0.172022
0.322643
0.642182
0.125157
0.786269
0.038588
-1.224311
-0.147112
0.515786
-0.666479
0.462035
-1.365004
1.901439
-0.264853
0.014381
0.436235
-1.377184
-0.215380
0.880208
-0.251887
0.043515
-0.264592
0.963469
0.435117
0.584107
-1.253512
-0.604871
2.062350
-0.654510
0.796812
1.351132
-2.274990
-0.304669
1.593300
0.230816
-0.857600
-0.338385
-0.480680
1.063198
-0.267461
-0.568546
-0.309452
1.551202
0.158061
1.400473
-0.708528
-0.195065
0.258112
1.395832
-0.657294
-0.347901
0.177381
0.888660
-0.960677
-0.700175
-0.288048
0.685635
0.907058
0.165926
0.357774
-0.456716
1.275334
0.123075
-0.211402
-0.052404
-0.307132
0.267645
-0.701473
-0.976037
-0.205649
0.188249
0.089420
-0.099492
-1.092123
1.978682
1.366633
-0.665056
3.416469
0.538320
0.050448
0.284705
0.847518
-0.002198
-1.626796
0.876987
0.184053
2.239649
-0.318132
-1.156735
0.045548
-0.765352
1.109190
0.133790
0.745589
-2.100824
0.646497
-0.529176
-0.339992
1.145831
-1.429803
0.932331
0.540284
1.932847
-0.223520
1.343761
0.090101
-0.283934
0.030192
0.440175
2.429588
0.792803
-0.225760
-0.756594
0.103206
0.125757
-0.786201
-1.304013
-1.011631
-1.208221
-0.129746
-1.200127
-0.880834
-1.582518
0.547924
1.052687
2.946577
0.778621
0.180796
-0.897289
-0.222507
-0.724257
2.017610
-0.434542
-1.119799
-1.384719
-1.712342
-0.182818
1.722981
2.125324
-0.373489
0.434135
0.833197
0.795043
0.875055
-1.285861
0.728382
0.527629
-0.192220
-1.039030
-0.305127
0.603169
-1.636807
-0.141192
0.836947
-1.403669
0.753030
1.370730
2.163998
-0.100481
-1.412164
-0.143798
-1.583265
0.641067
0.512190
-0.318987
-0.623885
0.523657
-0.226131
-1.873789
-1.159186
0.306592
0.195329
-0.293607
1.486674
-0.838207
-0.420285
-2.093995
-1.208074
0.613250
-0.211083
-0.470338
-0.761528
-0.975343
-1.785540
-2.018320
0.592143
-1.145297
-0.581146
-2.545131
-1.433410
-0.543453
1.904138
-1.516705
0.353708
0.167212
-0.834995
0.102095
0.323100
1.312465
-1.541916
0.727943
1.094951
-0.093440
-1.447180
-1.697311
0.102785
1.835240
1.577994
-1.033667
0.305480
0.620048
-1.388556
0.236204
0.233810
-1.495729
0.123000
-0.142246
-0.042277
2.902165
-0.002936
0.567538
-1.397294
-0.225741
-0.763859
-0.181099
0.094190
-0.238780
-1.833988
-0.467562
0.606557
-2.315471
0.114894
-0.537118
0.543368
0.739989
2.032894
-0.580167
-0.511530
-0.487178
-0.833261
-2.946816
-0.291943
-1.187464
1.415328
2.019854
0.730611
1.058784
0.040290
0.828301
-1.213358
0.444216
-1.008090
1.168270
0.881618
-0.783899
-0.544713
-0.164716
1.801703
-0.281859
1.860814
-0.916184
0.518687
0.404211
1.530716
1.721149
0.933360
1.755605
-0.803964
0.255712
-0.751616
-1.459464
0.187692
0.668222
-0.202914
-1.120748
-0.046384
0.737789
0.274137
-1.655547
-1.228333
0.532868
-0.544705
-0.015770
-0.629829
0.724470
-1.828685
1.423223
0.499666
0.285569
-0.337869
-0.881721
0.654660
-0.652569
0.691745
0.322974
0.355107
0.204595
-0.699876
-1.873992
-0.481968
0.825512
0.047642
-1.251599
0.471635
-0.056192
0.925006
-1.408545
1.483601
-0.070762
-0.217050
0.947600
1.399613
-0.489178
1.032248
-1.867628
-1.397825
0.839813
-0.022587
-0.055209
-0.572844
1.508877
-0.756766
0.612453
0.389004
0.235150
1.363001
0.488413
0.663507
0.050549
1.871081
-0.385075
1.066242
1.166767
0.779031
-1.903340
0.647735
0.887830
-0.649265
0.397769
-1.974086
0.042782
-0.818751
1.118982
0.357199
-0.292911
2.058562
-0.117423
-0.225032
-0.901334
-0.468613
1.640793
0.023144
-0.344750
0.481189
0.034194
-1.265875
1.087222
0.588508
-0.486990
-1.962495
0.140119
0.957972
-0.442435
-1.071670
1.583442
1.757197
0.771865
-0.407145
1.425196
-0.962604
-0.575780
-0.883384
0.507945
-0.946008
0.188783
-1.884997
-3.088893
0.899913
0.299157
1.498991
-0.579620
-2.422843
1.192196
-0.997956
-0.551234
1.432093
-0.769901
0.323091
-1.548819
-1.320257
-0.923379
0.314925
-0.012743
0.617328
-1.050798
0.627556
0.177426
1.299283
-0.827948
-0.742865
0.326871
0.655853
-0.986240
-0.291514
-0.074050
0.345767
-0.204136
-1.997927
0.117597
1.163360
1.153587
0.200326
-0.565613
-1.484329
0.558085
0.920596
-1.714540
-0.371935
0.146917
0.001532
1.538406
-0.019032
0.318808
-1.552423
-0.227961
-0.819206
-0.085063
0.257358
1.987845
0.910950
-1.294713
0.411637
-0.595359
0.030329
-0.978376
-0.015481
-0.497825
1.121121
-0.589443
-0.893814
-1.365558
-0.340364
-1.146248
0.070769
-0.687226
0.033055
2.427360
-0.173327
-0.896350
0.055970
-2.177949
-0.268974
-1.536478
-0.141474
0.093148
0.422711
0.702733
-0.189826
-0.694052
-0.330696
0.267971
1.605084
1.369957
0.551645
0.362124
-0.696657
1.411528
-1.332506
0.543638
-1.424586
-2.327377
-0.363810
-0.928538
-1.277429
-1.511370
0.349519
0.850471
-0.455832
1.434707
1.029252
-0.460934
-0.080362
0.559839
0.454058
0.243130
-0.320368
0.181225
-1.016054
0.034585
-0.098102
-0.444749
-0.911144
-0.549865
1.504252
-0.925564
-0.105807
-1.985709
-0.843464
-1.237025
1.162903
0.621472
-0.721585
1.209934
0.295107
-0.159921
1.050852
0.488301
-0.028093
-0.154671
0.719287
-0.864886
-0.761613
-0.061428
-0.247280
-0.422056
-1.064204
0.613368
-1.829590
1.460890
0.091876
0.446669
1.524046
0.414255
-0.792216
-0.466262
0.257995
-2.278067
1.757461
0.612301
-1.472963
-0.074397
0.413970
0.046337
-0.136628
-1.702338
0.823774
-0.195806
-0.116634
-0.234941
0.244350
0.076189
0.627631
1.731954
0.208323
-0.541633
-0.800104
-2.313302
1.268828
-0.478946
1.726587
-0.339469
-0.314914
0.656670
0.866272
-1.296357
0.233402
0.275182
-1.232601
0.610588
1.019180
1.441157
-0.772664
1.027485
-1.122267
-0.850658
-0.295833
-0.387428
0.056437
-0.040277
0.010923
-0.601443
0.695869
-1.100293
-0.151005
1.147954
0.872074
0.989755
-1.063324
-0.536751
-2.561311
-1.837062
-1.673582
-0.102217
1.129867
2.372386
-1.763184
-0.963649
1.630731
-0.109931
-0.849830
-0.702779
0.883672
-1.157146
0.390594
-0.250211
0.680522
0.226154
-0.481206
-0.128555
0.595355
-0.598775
0.126634
0.700566
1.497640
-0.947991
-0.356631
-1.954753
-2.077468
-0.453824
0.436968
-1.478418
0.321926
-1.678735
-0.606948
-0.111644
0.791986
0.346402
2.085703
-0.321318
-0.367432
0.047026
0.598758
0.445816
-0.956055
-0.445176
-1.382687
-0.385489
0.926258
-0.184990
1.474177
0.658051
-0.381936
0.248208
0.955386
-0.823432
-1.251049
1.040624
0.050499
0.352470
-0.179370
0.674754
0.479100
-0.903779
-0.761591
-0.476424
0.106304
-0.203683
0.439324
1.053832
-0.417688
-0.775148
1.908354
-0.805668
-0.139176
0.604115
0.178009
-1.146903
-0.196432
-0.529154
-2.484865
-0.558670
0.754331
-0.647895
2.110315
0.845365
0.905216
0.296027
1.824685
-0.710988
0.336925
-0.397557
-0.597427
0.513381
0.616835
-1.715113
1.169367
0.620701
-0.632205
1.010413
0.486965
0.161177
-0.665193
0.331917
-0.135127
-1.840569
-0.921080
1.647950
-0.178918
-0.329957
1.587585
-1.286254
0.623137
-1.508808
-1.201324
-0.285888
-1.065932
0.237533
-0.472020
0.511074
0.098747
-0.399315
0.513185
1.215630
1.843779
-0.096568
0.455403
-0.699487
0.555905
1.032297
-1.025705
0.454265
-0.173096
1.063401
0.972427
2.305303
0.160055
0.308468
-0.541836
0.947539
0.660086
-2.006941
0.173758
1.292276
-0.161703
0.962403
0.429944
0.931776
0.110067
-0.169368
-0.305162
0.107913
0.721015
0.080313
-0.285606
-2.419344
0.708507
-0.424103
0.411835
-1.199963
-0.975382
0.362215
1.401921
0.014666
-1.206294
-1.174242
-0.021378
0.835359
-0.403330
1.154622
0.968626
0.905755
-1.817462
0.883501
0.872771
0.547510
-1.641721
-2.763118
1.358639
-1.568357
0.018198
2.262854
-2.436178
-0.468070
0.545648
-0.321162
0.115930
1.290439
0.682721
-0.513724
0.408323
1.709309
0.644810
-0.022015
1.107376
0.807931
-0.652604
-0.441477
-0.235282
-2.604501
-0.805587
-0.734110
0.491778
-1.056301
-1.222954
0.298294
1.106607
0.313946
-1.813783
-0.679486
1.269201
1.708901
1.479053
1.032550
-0.629333
-0.496772
0.518669
0.726364
-0.181194
-0.472327
-0.326278
-1.874049
1.027819
-0.654758
1.024064
2.315374
-0.026369
0.097779
-1.497867
1.473075
-0.484378
-0.207379
0.235942
0.247170
1.111478
-0.729294
-0.249251
0.344960
0.108736
-0.923020
-1.521649
0.774790
-0.018485
0.778274
-0.560869
0.555271
-1.019859
-0.133229
-0.529592
0.361830
1.522392
-0.515382
-0.650837
-1.037434
0.896004
0.174659
-0.395705
-2.535628
-0.886435
-0.338069
1.577421
-1.459789
0.474229
-0.064570
0.794199
0.833474
1.911419
0.932586
1.177500
1.026556
-1.975018
-0.025635
0.738853
-0.897201
0.540291
-0.873634
-0.012019
0.386367
-0.344351
-1.335409
0.751437
-0.387230
0.381389
-0.586879
0.215512
1.127931
-0.931844
-0.172443
1.345967
0.345121
-0.058681
-1.675631
2.777463
0.887377
1.121710
1.198976
0.177982
0.347248
-0.534022
-0.558729
-0.914045
0.704431
-2.267750
-1.432530
0.842982
-1.528956
-1.860552
0.157059
-1.022694
1.972902
-0.843934
-2.163235
0.685075
0.884941
-1.702446
-0.310971
-1.355480
0.324429
1.591201
0.398866
0.371449
1.671902
0.724978
1.272928
-0.381462
-0.268112
0.418779
-0.211101
-0.064131
1.219533
-0.235287
0.862954
-0.190294
1.122512
0.471508
0.213292
0.231060
2.072204
-0.547942
0.405699
0.141224
-1.151552
-0.473480
-0.432735
-0.573298
-0.932258
-0.237005
-1.093024
-0.788497
0.605739
-0.380974
0.067840
0.318959
-0.655841
1.107855
1.208269
0.585122
-0.900876
-1.709168
1.644784
-0.357096
-1.535342
-0.079023
-1.942463
0.991733
-0.308582
-0.992415
-0.735719
0.358346
0.710330
0.355353
-1.951470
-0.918413
-0.086988
1.241912
1.799327
-1.036069
-0.907534
-0.270245
-0.185384
-0.915617
1.012285
0.481821
-0.832541
-0.684521
-1.272204
-0.990188
-0.357108
-0.633458
-0.266597
1.017645
1.142955
1.189563
-0.895674
-0.721822
-1.488103
0.032672
0.227031
0.977631
1.443403
-0.796472
0.641126
0.716374
0.088757
-0.041781
-1.008419
0.695850
0.003835
2.224689
0.278672
1.003235
-1.725883
-0.392875
-0.854237
-0.468579
-1.654346
-2.116840
0.668000
-0.676655
-0.628798
1.687113
1.940721
-0.102977
1.700684
0.674714
-0.085851
2.751660
0.344382
0.690981
-0.638172
-0.029580
-1.973022
0.063997
0.800059
1.589027
-0.576222
0.481975
0.707680
-0.762557
-0.342925
-0.114266
-0.275620
-0.448907
-0.459032
-1.182654
-0.255651
-1.067016
-1.825273
0.080768
-0.396374
-0.603920
-0.757161
1.221495
1.236133
-0.038653
-1.281190
0.148104
0.331883
1.573517
-1.115917
-1.282141
-1.455985
-0.448214
0.114969
-1.430342
1.475859
0.317855
-0.042017
1.682174
1.060321
-1.867190
0.947928
-0.822353
-0.148255
-0.175022
-0.271728
-0.390925
-0.157713
0.144741
-0.708040
0.611531
0.107715
1.861026
0.525989
0.181686
2.305955
-0.362347
1.752921
0.815248
0.729012
1.355401
0.389697
0.830636
0.288586
-1.128860
1.545280
-0.372853
0.085153
0.389124
-0.115124
2.698402
-0.472933
-1.380998
0.686633
-0.994401
2.137655
0.269792
-0.760512
0.719686
1.886937
-0.915758
-1.255308
0.760140
-0.383518
0.840640
-1.312112
-1.969718
-1.473283
2.018602
-0.733283
-0.664520
0.019019
-0.756553
0.401200
-0.166433
-0.430406
0.604949
-0.386814
-0.866047
-1.734725
0.369084
1.461284
-0.705123
-0.318158
0.823771
-0.896853
0.754351
0.945441
0.610281
0.512976
-0.455499
1.127634
0.794400
-0.960515
-0.546337
-1.374270
-1.043018
0.095994
1.944679
0.196761
-0.041023
-1.288009
0.644202
-0.102494
0.245249
0.200574
-1.270706
0.463504
-0.095894
-0.433828
0.594185
0.048928
-1.232359
-1.191335
-1.161644
-1.022638
-0.693558
2.381661
-0.549955
-0.658227
-0.959000
1.709059
0.216055
-0.391580
-1.402945
0.648695
-0.298249
0.423899
-0.227644
-1.414855
-0.318946
0.211615
1.396618
-0.129370
-0.530440
0.295996
-0.138532
1.097872
1.053390
0.088021
0.615051
0.675832
0.531772
0.632617
0.404985
0.993420
-0.513312
0.237130
-1.315035
0.394473
0.575483
-0.165345
-1.477737
-0.311628
0.938298
0.389815
-0.020142
1.464456
1.480588
0.362296
-1.753121
2.508106
0.101140
-1.073235
0.597589
0.785708
-0.790645
-0.496453
-1.974293
-0.593578
-0.705508
-0.445020
0.303541
0.265189
-0.253602
-0.992880
-0.384299
-0.572522
-0.619953
-2.298026
-0.464210
0.898117
-1.989689
-0.058062
0.088179
-0.139487
0.741561
-0.486283
0.160287
0.664273
1.085036
0.765323
1.569178
-0.407097
0.589383
-0.676172
-1.091555
-0.910199
0.210940
0.155225
-0.121163
-1.942678
0.856130
-0.649582
-2.323604
-0.863878
1.232142
-1.078918
-1.699268
-0.227888
-0.806641
-1.774141
0.800831
0.221844
-0.064076
0.884719
0.236235
0.342258
0.224331
-0.844484
0.664185
1.763372
-0.162114
1.323061
-1.282116
0.144769
0.190019
0.752125
-0.210393
-0.185114
-1.267308
-0.509667
1.331922
1.267837
-0.435272
0.647361
-0.019683
-0.695314
0.544581
-0.791368
0.063069
-0.955568
-1.242292
0.479255
-1.628189
-1.062012
0.189429
-0.679832
-1.722119
-1.543822
1.666505
0.501683
0.523824
1.191400
1.236346
0.423431
1.722345
-0.229883
-0.225394
-2.217103
-1.899947
0.377695
0.790811
1.377995
-0.679239
0.207392
0.324885
-0.507779
0.314276
-0.144880
0.489872
2.268841
-0.088544
-1.432878
-1.323074
0.250646
0.221529
-1.043288
-0.554301
-0.782230
1.810809
0.523544
-0.001979
0.380892
-0.824294
-2.446180
0.901166
-1.090062
0.084360
-0.552614
0.334434
0.913961
0.542919
-0.866264
-0.222806
-0.515449
1.512252
0.872611
-0.707380
-0.376247
2.597971
-0.208283
-2.150692
-0.363703
0.398756
-1.374029
-0.296081
0.593511
1.047003
0.830803
-1.500767
-0.810889
0.572478
-0.256463
-0.414044
-0.407622
-0.025765
0.102228
0.142917
-1.474667
-0.791323
0.476555
0.837580
-1.045332
1.599154
-1.003884
1.210440
1.812735
0.500419
0.556877
0.810943
-0.700998
-0.443520
1.943220
-1.948587
-0.465359
-0.279117
0.596347
0.953432
0.020024
1.881934
-1.524715
-1.911786
1.171492
0.226873
0.985017
0.063119
-0.656112
-1.216147
-0.106883
0.618170
0.289065
0.021519
0.501679
-0.519314
0.504080
0.833202
-0.370920
0.636564
0.640535
0.932053
-1.672197
0.023960
1.457665
0.674775
-1.940843
2.030809
-1.147311
-0.249279
-0.269051
-0.650363
-0.315597
1.111426
1.911273
0.012261
-1.675361
-0.787796
-0.271151
1.348160
-0.925966
-0.361074
1.934656
-0.802614
-1.094239
0.224128
-0.820291
0.141654
0.174013
0.765070
-1.471556
-0.777448
-2.354749
0.252942
0.093601
-0.631537
0.542134
0.651356
-2.319850
-0.927080
-0.469671
0.715189
-0.537475
0.290186
-1.149854
-1.193891
1.438957
0.332648
1.173070
-0.507157
-1.017525
0.603388
-1.091832
-1.910971
-0.087456
-0.440387
0.033966
-0.607249
-1.524168
-0.965493
-0.037257
-1.759216
0.156335
0.970065
1.001814
-1.107295
1.301354
-0.405276
1.335850
1.507501
0.619930
0.419809
-0.298639
1.425316
1.306277
-1.364645
-0.920401
-0.091914
-0.804411
1.579249
-1.229953
-0.593391
-1.136946
-0.040024
-1.195865
0.526907
-0.239367
-0.489943
0.684517
-0.854899
0.090987
-0.274784
1.460279
2.784901
-0.232033
0.223767
-0.389359
-0.302240
2.333922
-1.967744
1.239315
1.151617
0.042943
1.482460
-0.408220
-0.939168
0.442808
-0.585171
0.064948
-0.936283
-0.859344
-0.746000
0.255427
-0.282685
-0.269356
-0.785666
0.812180
-0.244575
0.440530
-0.115508
1.030832
1.651353
-0.748877
-0.683763
-0.231147
0.755638
-0.165134
0.627562
0.043508
0.989535
0.162225
-0.709796
1.166641
-0.451905
0.198997
-1.381509
-2.195745
0.511254
0.241197
-0.819954
-1.385968
0.082692
-1.265069
0.686586
0.483591
-1.401920
0.152077
0.308862
2.059856
0.696422
1.456143
-0.588777
0.302154
-1.744708
-0.567552
1.016858
1.921190
-1.010349
0.064645
1.011673
0.441597
-0.827531
0.370588
0.314110
-0.376429
0.369016
0.037518
-0.238209
-1.969530
0.374618
1.611639
-0.755041
-1.600244
-0.771829
0.362109
-0.008364
-0.662800
0.465173
1.430139
0.941745
-0.787989
-1.344217
-0.472451
-0.071368
-1.614095
-0.904665
-0.676423
0.015680
-2.121436
0.559400
0.975448
-0.196424
-0.127252
-1.011877
1.173817
1.045319
-0.818202
0.125511
1.012791
-0.235721
-0.789893
-0.044107
-0.600468
0.155459
-1.468065
-0.316799
-0.961088
-0.995433
0.455551
2.688885
-0.407693
-1.987125
-1.849688
-0.527241
-0.423834
-0.393424
1.096213
-0.828683
-0.240915
-0.508126
1.649347
-1.300835
-0.150619
1.824492
0.934429
-1.998003
0.033203
-0.276668
-0.439427
-0.186832
1.102081
-0.177236
-0.393038
-0.068382
-0.814446
-0.346290
-0.221301
-0.005559
2.542035
-1.211882
-2.568700
-2.064028
0.778869
-1.566609
0.417848
1.383915
1.510552
0.288631
-0.385736
0.817244
3.562693
0.115341
-1.452405
-1.481645
-0.880635
-0.374911
0.509855
-1.541738
-0.094951
-1.569632
-0.704428
-1.160606
0.706921
-0.515757
-1.535993
0.328244
0.738456
-0.018333
0.836062
0.580987
1.385851
-0.047944
0.075343
0.509114
1.639170
-0.319869
1.305479
1.432113
-0.422693
1.549025
-0.432628
-1.504976
-0.007781
-1.591004
-0.088475
-0.459541
-1.575553
-0.021593
0.141162
-1.332930
0.131263
-0.080742
-0.598058
-0.885533
-1.537688
0.270805
2.004994
0.947599
0.674264
-1.009968
-1.724867
-1.039637
0.363426
-0.562146
0.299896
-0.185893
-0.077588
-0.378165
0.518130
2.214144
0.568302
-1.315201
0.302664
0.692736
0.158187
-0.089615
0.303406
-2.200894
-0.270262
-0.268434
0.606137
1.167495
0.456639
1.031975
-1.178313
0.087163
0.797148
-0.338106
0.186617
-0.851666
1.534490
0.957574
-0.526505
-0.386577
-0.568886
-1.027478
-0.966314
0.101866
-0.034213
0.728378
0.414368
-0.083551
-1.269415
0.138432
1.301090
-0.217108
0.122468
0.997114
0.837769
0.363380
1.645798
-0.989277
0.437860
-0.919184
0.244477
-0.252335
-0.086088
0.673733
0.347958
-1.403242
0.266222
-0.734767
0.151018
0.916386
0.609972
0.249335
-0.396028
-1.291122
1.056429
2.069550
0.457478
-0.812314
0.918866
-0.238188
1.165614
-1.321165
-1.315520
0.442643
1.707773
0.082600
0.552364
-0.016570
-0.573555
1.441045
-1.336590
0.284618
0.012968
0.502740
-1.799481
-0.451489
0.196601
0.757389
-1.480968
-0.413871
1.145230
0.175935
-0.241738
0.018251
-0.151674
1.785682
0.610059
2.430977
0.469327
-0.556682
-1.206091
0.523739
-1.639166
-1.857567
0.165201
-0.350621
-0.012970
0.255398
-0.955978
0.464998
0.156447
-1.803252
0.202694
-0.347076
-1.712510
-1.239079
0.566610
1.271338
-0.858578
-0.714783
-0.022864
-2.663335
-0.847109
1.376322
-0.523656
1.506448
-1.169577
0.532259
0.707897
0.002966
0.227172
0.433483
-0.460254
-1.715642
-1.981724
-0.989248
-0.009549
-0.941779
-0.420301
1.236537
-0.121986
0.710522
-1.026881
2.417727
-0.724196
0.381037
0.605451
0.178785
-1.257270
-0.674466
1.981463
1.957918
-0.071035
0.997720
-0.285884
-1.061829
-0.286961
-0.678188
-0.320285
-0.517717
-0.173773
-0.578262
0.160754
-0.786705
-0.647285
0.354596
1.057241
0.127565
0.582642
0.353002
0.317505
-0.587069
0.904274
-0.185591
-1.229301
-2.221638
0.461045
1.639521
0.693918
1.286247
-0.223979
0.283952
0.203328
-0.572620
-0.258755
0.556893
0.769707
1.276964
0.477790
-0.096469
-0.916180
-0.527832
1.291054
-1.476329
-0.334919
1.221046
-0.074356
-0.093836
-2.313767
0.377580
-2.005491
0.229638
1.180475
-0.097584
-1.862408
0.304631
-0.239295
-1.010732
-1.211297
0.419067
-0.234308
0.408670
0.946652
-0.860434
-0.886442
-0.151437
-0.216575
-1.078178
-1.128876
-0.345803
-0.166936
1.036677
-0.154401
1.162702
1.154100
-1.541404
-1.198544
0.666868
-0.215158
0.807226
0.215384
-0.240975
-0.605451
0.110533
0.440682
0.193086
-1.206541
0.787501
2.164052
-1.626245
-1.444172
-0.263534
-0.011380
-0.290611
2.675927
-0.139860
0.149129
1.227090
-0.894322
-1.850735
1.004859
-0.129840
1.154663
-0.703409
1.706015
0.137547
1.530584
0.888794
0.673438
-0.409425
-0.382372
-0.797814
0.187343
-1.396467
-1.294257
1.948551
-0.828852
0.903283
-0.975079
-0.997749
-1.460528
-0.912384
-0.501601
0.431326
0.827062
-0.441066
-0.517739
-0.401950
0.399997
-1.581421
0.365395
-0.073584
0.494543
1.538288
0.901139
0.517094
0.538738
1.484576
0.811712
1.680748
0.719224
-0.442495
-1.136094
-0.485460
0.933687
-0.707880
-0.233536
-0.273564
0.320468
-0.778652
0.021405
-0.173867
-0.954036
1.436803
-1.089478
0.101487
-0.616042
0.924077
-0.551618
-0.815826
-0.448746
-0.852268
-0.093069
-0.958433
1.649451
0.587042
1.629958
-1.639590
-0.778190
0.340475
-0.264545
-0.969173
0.854444
-1.398450
0.293210
-0.326681
-1.196744
1.709443
-0.316775
1.201682
1.637459
-0.464598
1.960897
0.211839
-1.179263
-0.991460
-0.715271
-0.798339
1.267982
0.105195
-0.365682
-0.027475
-1.645695
1.422759
-0.382660
0.496343
-1.120217
-0.858967
-1.027403
1.216347
-0.480947
-0.835390
2.675624
-2.085225
3.216235
0.266700
-0.248941
0.641624
0.498992
0.229075
-0.910760
1.232993
1.815790
-0.765447
0.602309
0.473595
0.552720
0.011376
0.455817
1.349271
-0.404693
-0.825495
-0.587768
-1.438646
0.461894
-0.848920
1.203450
-0.986571
-0.202774
1.204480
-0.985656
0.190779
0.481814
-0.112391
0.532868
1.603618
0.735262
0.703978
0.971531
-1.422678
0.108750
-2.718346
-1.538320
0.369142
0.342349
-1.834721
-1.080895
0.884084
-0.492324
0.547291
-0.412372
-0.517950
-1.120585
0.863461
0.310705
-0.862936
-0.307395
0.441880
0.731307
0.063845
0.629376
-0.528433
-0.583715
0.034729
-0.005476
1.484902
1.269853
0.974065
0.681247
1.512379
-0.545617
-1.587882
0.774903
-1.074115
-0.062042
0.130655
-1.372344
1.908821
-0.596453
0.893395
-0.067195
-0.698259
1.519816
-1.082015
-0.377827
-1.257579
-0.802416
-2.670569
-0.528565
1.232438
0.573425
0.562688
0.057835
0.341343
-0.501804
-2.391960
-0.020942
-0.212402
-0.499741
0.244058
-0.416161
0.203199
-0.809701
-0.001552
0.036142
-2.093153
-0.223989
0.817748
0.414858
-0.213040
-0.895100
-0.909643
-1.276706
1.154461
-0.113253
0.867493
1.305656
0.783723
1.272738
1.272881
0.440557
